+us191/demos/datagui/FR18_1.cnv
* Sea-Bird SBE 21 Data File:
* FileName = E:\DATA THERMO\PIRATA-FR18\FR18-1.hex
* Software Version Seasave Win32 V 5.37m
* Temperature SN = 3293
* Conductivity SN = 3293
* System UpLoad Time = Sep 02 2008 07:56:58
* NMEA Latitude = 06 18.030 N
* NMEA Longitude = 002 26.100 E
* NMEA UTC (Time) = Sep 2 2008  07:56:52
** Ship:       ANTEA
** Cruise:     PIRATA-FR18
** Station:    1
** Latitude:   
** Longitude:  
# nquan = 12                                
# nvalues = 13766                       
# units = specified
# name 0 = scan: Scan Count
# name 1 = t090C: Temperature [ITS-90, deg C]
# name 2 = c0S/m: Conductivity [S/m]
# name 3 = t3890C: Temperature, SBE 38 [ITS-90, deg C]
# name 4 = latitude: Latitude [deg]
# name 5 = longitude: Longitude [deg]
# name 6 = timeJ: Julian Days
# name 7 = prM: Pressure [db]
# name 8 = sal00: Salinity [PSU]
# name 9 = sigma-é00: Density [sigma-theta, Kg/m^3]
# name 10 = svCM: Sound Velocity [Chen-Millero, m/s]
# name 11 = flag: flag
# span 0 =          1,      13766       
# span 1 =    25.6286,    26.8146       
# span 2 =   5.295215,   5.577239       
# span 3 =    25.3974,    26.5873       
# span 4 =    3.24432,    6.30032       
# span 5 =    1.25066,    2.43500       
# span 6 = 246.331157, 247.287060       
# span 7 =      0.000,      0.000       
# span 8 =    34.3285,    35.7481       
# span 9 =    22.5739,    23.6824       
# span 10 =    1535.48,    1539.26      
# span 11 = 0.0000e+00, 0.0000e+00      
# interval = seconds: 6                           
# start_time = Sep 02 2008 07:56:52
# bad_flag = -9.990e-29
*END*
[from data line 5895]
       5896    25.8753   5.444622    25.6352    4.95498    1.91116 246.740532      0.000    35.3351    23.3251    1536.85 0.0000e+00
       5897    25.8771   5.444421    25.6352    4.95482    1.91100 246.740602      0.000    35.3323    23.3223    1536.85 0.0000e+00
       5898    25.8777   5.443706    25.6357    4.95466    1.91100 246.740671      0.000    35.3266    23.3179    1536.84 0.0000e+00
       5899    25.8777   5.443092    25.6359    4.95450    1.91100 246.740741      0.000    35.3221    23.3145    1536.84 0.0000e+00
       5900    25.8794   5.442787    25.6358    4.95416    1.91082 246.740810      0.000    35.3185    23.3113    1536.84 0.0000e+00
       5901    25.8794   5.442482    25.6366    4.95398    1.91082 246.740880      0.000    35.3163    23.3096    1536.84 0.0000e+00
       5902    25.8788   5.442377    25.6368    4.95382    1.91066 246.740949      0.000    35.3160    23.3096    1536.84 0.0000e+00
       5903    25.8782   5.442482    25.6359    4.95350    1.91066 246.741019      0.000    35.3172    23.3107    1536.84 0.0000e+00
       5904    25.8777   5.442377    25.6368    4.95332    1.91050 246.741088      0.000    35.3169    23.3105    1536.83 0.0000e+00
       5905    25.8765   5.442177    25.6371    4.95316    1.91050 246.741157      0.000    35.3163    23.3105    1536.83 0.0000e+00
       5906    25.8777   5.442072    25.6369    4.95298    1.91050 246.741227      0.000    35.3146    23.3089    1536.83 0.0000e+00
       5907    25.8777   5.441868    25.6370    4.95266    1.91032 246.741296      0.000    35.3131    23.3077    1536.83 0.0000e+00
       5908    25.8777   5.441663    25.6366    4.95250    1.91032 246.741366      0.000    35.3116    23.3066    1536.83 0.0000e+00
       5909    25.8777   5.441663    25.6369    4.95232    1.91016 246.741435      0.000    35.3116    23.3066    1536.83 0.0000e+00
       5910    25.8771   5.441767    25.6366    4.95198    1.91016 246.741505      0.000    35.3129    23.3077    1536.83 0.0000e+00
       5911    25.8759   5.441663    25.6382    4.95182    1.91000 246.741574      0.000    35.3130    23.3082    1536.83 0.0000e+00
       5912    25.8741   5.441258    25.6387    4.95166    1.91000 246.741644      0.000    35.3115    23.3076    1536.82 0.0000e+00
       5913    25.8747   5.441153    25.6394    4.95150    1.90982 246.741713      0.000    35.3102    23.3065    1536.82 0.0000e+00
       5914    25.8753   5.440848    25.6388    4.95116    1.90982 246.741782      0.000    35.3075    23.3042    1536.82 0.0000e+00
       5915    25.8771   5.440439    25.6371    4.95098    1.90982 246.741852      0.000    35.3032    23.3004    1536.82 0.0000e+00
       5916    25.8788   5.440338    25.6374    4.95082    1.90966 246.741921      0.000    35.3011    23.2983    1536.82 0.0000e+00
       5917    25.8800   5.440439    25.6380    4.95066    1.90966 246.741991      0.000    35.3009    23.2978    1536.82 0.0000e+00
       5918    25.8794   5.440543    25.6389    4.95032    1.90950 246.742060      0.000    35.3021    23.2989    1536.82 0.0000e+00
       5919    25.8788   5.439929    25.6384    4.95016    1.90950 246.742130      0.000    35.2981    23.2961    1536.82 0.0000e+00
       5920    25.8788   5.439215    25.6384    4.94998    1.90932 246.742199      0.000    35.2929    23.2921    1536.81 0.0000e+00
       5921    25.8788   5.438910    25.6390    4.94966    1.90932 246.742269      0.000    35.2907    23.2904    1536.81 0.0000e+00
       5922    25.8794   5.438705    25.6393    4.94950    1.90932 246.742338      0.000    35.2887    23.2888    1536.81 0.0000e+00
       5923    25.8794   5.438705    25.6405    4.94932    1.90916 246.742407      0.000    35.2887    23.2888    1536.81 0.0000e+00
       5924    25.8800   5.438809    25.6411    4.94898    1.90916 246.742477      0.000    35.2890    23.2888    1536.81 0.0000e+00
       5925    25.8794   5.438910    25.6416    4.94882    1.90900 246.742546      0.000    35.2902    23.2899    1536.81 0.0000e+00
       5926    25.8800   5.439014    25.6421    4.94866    1.90900 246.742616      0.000    35.2905    23.2899    1536.81 0.0000e+00
       5927    25.8794   5.439215    25.6433    4.94850    1.90882 246.742685      0.000    35.2924    23.2916    1536.81 0.0000e+00
       5928    25.8800   5.439319    25.6445    4.94816    1.90882 246.742755      0.000    35.2927    23.2916    1536.81 0.0000e+00
       5929    25.8794   5.439215    25.6448    4.94798    1.90866 246.742824      0.000    35.2924    23.2916    1536.81 0.0000e+00
       5930    25.8800   5.439114    25.6467    4.94782    1.90866 246.742894      0.000    35.2912    23.2905    1536.81 0.0000e+00
       5931    25.8812   5.439319    25.6475    4.94750    1.90850 246.742963      0.000    35.2918    23.2905    1536.82 0.0000e+00
       5932    25.8836   5.439624    25.6477    4.94732    1.90850 246.743032      0.000    35.2922    23.2901    1536.82 0.0000e+00
       5933    25.8854   5.439728    25.6478    4.94716    1.90832 246.743102      0.000    35.2916    23.2890    1536.83 0.0000e+00
       5934    25.8872   5.439829    25.6491    4.94682    1.90832 246.743171      0.000    35.2909    23.2880    1536.83 0.0000e+00
       5935    25.8890   5.440133    25.6513    4.94666    1.90832 246.743241      0.000    35.2917    23.2881    1536.83 0.0000e+00
       5936    25.8890   5.440338    25.6520    4.94650    1.90816 246.743310      0.000    35.2932    23.2892    1536.84 0.0000e+00
       5937    25.8895   5.440338    25.6537    4.94632    1.90816 246.743380      0.000    35.2928    23.2887    1536.84 0.0000e+00
       5938    25.8901   5.440238    25.6543    4.94598    1.90800 246.743449      0.000    35.2917    23.2877    1536.84 0.0000e+00
       5939    25.8913   5.440133    25.6556    4.94582    1.90800 246.743519      0.000    35.2900    23.2860    1536.84 0.0000e+00
       5940    25.8931   5.440338    25.6556    4.94566    1.90782 246.743588      0.000    35.2901    23.2855    1536.84 0.0000e+00
       5941    25.8949   5.440543    25.6551    4.94532    1.90782 246.743657      0.000    35.2902    23.2850    1536.85 0.0000e+00
       5942    25.8961   5.440747    25.6559    4.94516    1.90782 246.743727      0.000    35.2907    23.2851    1536.85 0.0000e+00
       5943    25.8967   5.441153    25.6572    4.94498    1.90766 246.743796      0.000    35.2932    23.2868    1536.85 0.0000e+00
       5944    25.8967   5.441462    25.6592    4.94482    1.90766 246.743866      0.000    35.2955    23.2885    1536.86 0.0000e+00
       5945    25.8961   5.441358    25.6607    4.94450    1.90750 246.743935      0.000    35.2952    23.2885    1536.85 0.0000e+00
       5946    25.8973   5.441357    25.6626    4.94432    1.90750 246.744005      0.000    35.2943    23.2874    1536.86 0.0000e+00
       5947    25.8985   5.441257    25.6627    4.94416    1.90732 246.744074      0.000    35.2926    23.2858    1536.86 0.0000e+00
       5948    25.9009   5.441153    25.6633    4.94398    1.90732 246.744144      0.000    35.2900    23.2830    1536.86 0.0000e+00
       5949    25.9026   5.441153    25.6657    4.94366    1.90716 246.744213      0.000    35.2887    23.2815    1536.86 0.0000e+00
       5950    25.9032   5.441052    25.6667    4.94350    1.90716 246.744282      0.000    35.2875    23.2804    1536.86 0.0000e+00
       5951    25.9044   5.441257    25.6672    4.94332    1.90716 246.744352      0.000    35.2881    23.2805    1536.87 0.0000e+00
       5952    25.9050   5.441462    25.6673    4.94298    1.90700 246.744421      0.000    35.2891    23.2811    1536.87 0.0000e+00
       5953    25.9056   5.441662    25.6679    4.94282    1.90700 246.744491      0.000    35.2901    23.2816    1536.87 0.0000e+00
       5954    25.9068   5.441562    25.6681    4.94266    1.90682 246.744560      0.000    35.2884    23.2800    1536.87 0.0000e+00
       5955    25.9068   5.441462    25.6686    4.94250    1.90682 246.744630      0.000    35.2877    23.2795    1536.87 0.0000e+00
       5956    25.9080   5.441462    25.6680    4.94216    1.90666 246.744699      0.000    35.2868    23.2784    1536.87 0.0000e+00
       5957    25.9086   5.441767    25.6679    4.94198    1.90666 246.744769      0.000    35.2885    23.2795    1536.88 0.0000e+00
       5958    25.9086   5.441972    25.6672    4.94182    1.90650 246.744838      0.000    35.2900    23.2807    1536.88 0.0000e+00
       5959    25.9092   5.442277    25.6669    4.94150    1.90650 246.744907      0.000    35.2918    23.2818    1536.88 0.0000e+00
       5960    25.9092   5.442377    25.6679    4.94132    1.90632 246.744977      0.000    35.2925    23.2824    1536.88 0.0000e+00
       5961    25.9086   5.442176    25.6680    4.94116    1.90632 246.745046      0.000    35.2915    23.2818    1536.88 0.0000e+00
       5962    25.9080   5.442176    25.6680    4.94098    1.90616 246.745116      0.000    35.2920    23.2823    1536.88 0.0000e+00
       5963    25.9080   5.442176    25.6671    4.94066    1.90616 246.745185      0.000    35.2920    23.2823    1536.88 0.0000e+00
       5964    25.9074   5.442176    25.6665    4.94050    1.90616 246.745255      0.000    35.2925    23.2829    1536.88 0.0000e+00
       5965    25.9086   5.442481    25.6664    4.94032    1.90600 246.745324      0.000    35.2938    23.2835    1536.88 0.0000e+00
       5966    25.9092   5.442887    25.6655    4.94000    1.90600 246.745394      0.000    35.2963    23.2852    1536.89 0.0000e+00
       5967    25.9074   5.443091    25.6654    4.93982    1.90582 246.745463      0.000    35.2991    23.2879    1536.89 0.0000e+00
       5968    25.9062   5.443196    25.6661    4.93966    1.90582 246.745532      0.000    35.3008    23.2896    1536.88 0.0000e+00
       5969    25.9056   5.443501    25.6673    4.93950    1.90566 246.745602      0.000    35.3035    23.2918    1536.89 0.0000e+00
       5970    25.9044   5.443706    25.6675    4.93916    1.90566 246.745671      0.000    35.3059    23.2940    1536.89 0.0000e+00
       5971    25.9044   5.443601    25.6688    4.93898    1.90550 246.745741      0.000    35.3052    23.2934    1536.88 0.0000e+00
       5972    25.9050   5.443706    25.6685    4.93882    1.90550 246.745810      0.000    35.3055    23.2934    1536.89 0.0000e+00
       5973    25.9050   5.444111    25.6698    4.93866    1.90532 246.745880      0.000    35.3084    23.2957    1536.89 0.0000e+00
       5974    25.9068   5.444420    25.6716    4.93832    1.90532 246.745949      0.000    35.3093    23.2958    1536.89 0.0000e+00
       5975    25.9080   5.444621    25.6721    4.93816    1.90532 246.746019      0.000    35.3098    23.2958    1536.90 0.0000e+00
       5976    25.9098   5.444930    25.6725    4.93800    1.90516 246.746088      0.000    35.3107    23.2959    1536.90 0.0000e+00
       5977    25.9104   5.445336    25.6728    4.93766    1.90516 246.746157      0.000    35.3132    23.2976    1536.91 0.0000e+00
       5978    25.9116   5.445336    25.6723    4.93750    1.90500 246.746227      0.000    35.3123    23.2965    1536.91 0.0000e+00
       5979    25.9110   5.445336    25.6713    4.93732    1.90500 246.746296      0.000    35.3128    23.2971    1536.91 0.0000e+00
       5980    25.9116   5.445440    25.6708    4.93716    1.90482 246.746366      0.000    35.3131    23.2971    1536.91 0.0000e+00
       5981    25.9127   5.445641    25.6691    4.93682    1.90482 246.746435      0.000    35.3137    23.2972    1536.91 0.0000e+00
       5982    25.9127   5.445745    25.6685    4.93666    1.90466 246.746505      0.000    35.3144    23.2978    1536.91 0.0000e+00
       5983    25.9133   5.446050    25.6682    4.93650    1.90466 246.746574      0.000    35.3162    23.2989    1536.92 0.0000e+00
       5984    25.9127   5.446356    25.6672    4.93616    1.90450 246.746644      0.000    35.3189    23.3012    1536.92 0.0000e+00
       5985    25.9104   5.446460    25.6686    4.93600    1.90450 246.746713      0.000    35.3214    23.3038    1536.92 0.0000e+00
       5986    25.9098   5.446661    25.6680    4.93582    1.90432 246.746782      0.000    35.3234    23.3054    1536.92 0.0000e+00
       5987    25.9086   5.446560    25.6697    4.93550    1.90432 246.746852      0.000    35.3235    23.3060    1536.91 0.0000e+00
       5988    25.9074   5.446661    25.6730    4.93532    1.90416 246.746921      0.000    35.3252    23.3076    1536.91 0.0000e+00
       5989    25.9062   5.446460    25.6734    4.93516    1.90416 246.746991      0.000    35.3247    23.3076    1536.91 0.0000e+00
       5990    25.9068   5.446460    25.6734    4.93498    1.90416 246.747060      0.000    35.3242    23.3070    1536.91 0.0000e+00
       5991    25.9080   5.446560    25.6743    4.93466    1.90400 246.747130      0.000    35.3240    23.3065    1536.91 0.0000e+00
       5992    25.9104   5.446560    25.6744    4.93450    1.90400 246.747199      0.000    35.3222    23.3044    1536.92 0.0000e+00
       5993    25.9121   5.446661    25.6748    4.93432    1.90382 246.747269      0.000    35.3216    23.3034    1536.92 0.0000e+00
       5994    25.9127   5.446765    25.6756    4.93400    1.90382 246.747338      0.000    35.3219    23.3034    1536.92 0.0000e+00
       5995    25.9116   5.446866    25.6776    4.93382    1.90366 246.747407      0.000    35.3235    23.3050    1536.92 0.0000e+00
       5996    25.9104   5.446866    25.6791    4.93366    1.90366 246.747477      0.000    35.3244    23.3060    1536.92 0.0000e+00
       5997    25.9098   5.446970    25.6812    4.93350    1.90350 246.747546      0.000    35.3256    23.3071    1536.92 0.0000e+00
       5998    25.9116   5.447171    25.6815    4.93316    1.90350 246.747616      0.000    35.3257    23.3066    1536.92 0.0000e+00
       5999    25.9139   5.447275    25.6806    4.93300    1.90332 246.747685      0.000    35.3247    23.3052    1536.93 0.0000e+00
       6000    25.9145   5.447275    25.6792    4.93282    1.90332 246.747755      0.000    35.3242    23.3046    1536.93 0.0000e+00
       6001    25.9163   5.447375    25.6776    4.93266    1.90316 246.747824      0.000    35.3236    23.3036    1536.93 0.0000e+00
       6002    25.9181   5.447580    25.6759    4.93232    1.90316 246.747894      0.000    35.3237    23.3031    1536.94 0.0000e+00
       6003    25.9193   5.447785    25.6748    4.93216    1.90300 246.747963      0.000    35.3242    23.3031    1536.94 0.0000e+00
       6004    25.9181   5.447885    25.6739    4.93200    1.90300 246.748032      0.000    35.3259    23.3048    1536.94 0.0000e+00
       6005    25.9181   5.448090    25.6730    4.93182    1.90282 246.748102      0.000    35.3274    23.3059    1536.94 0.0000e+00
       6006    25.9181   5.448396    25.6717    4.93150    1.90282 246.748171      0.000    35.3296    23.3076    1536.94 0.0000e+00
       6007    25.9163   5.448600    25.6701    4.93132    1.90282 246.748241      0.000    35.3325    23.3103    1536.94 0.0000e+00
       6008    25.9151   5.448600    25.6703    4.93116    1.90266 246.748310      0.000    35.3334    23.3114    1536.94 0.0000e+00
       6009    25.9139   5.448500    25.6718    4.93100    1.90266 246.748380      0.000    35.3336    23.3119    1536.94 0.0000e+00
       6010    25.9121   5.448500    25.6719    4.93066    1.90250 246.748449      0.000    35.3350    23.3135    1536.93 0.0000e+00
       6011    25.9104   5.448500    25.6722    4.93050    1.90250 246.748519      0.000    35.3363    23.3150    1536.93 0.0000e+00
       6012    25.9098   5.448500    25.6735    4.93032    1.90232 246.748588      0.000    35.3368    23.3156    1536.93 0.0000e+00
       6013    25.9104   5.448295    25.6772    4.93000    1.90232 246.748657      0.000    35.3348    23.3139    1536.93 0.0000e+00
       6014    25.9110   5.448191    25.6791    4.92982    1.90216 246.748727      0.000    35.3336    23.3128    1536.93 0.0000e+00
       6015    25.9116   5.448090    25.6795    4.92966    1.90216 246.748796      0.000    35.3324    23.3117    1536.93 0.0000e+00
