+us191/demos/datagui/FR18_1.cnv
* Sea-Bird SBE 21 Data File:
* FileName = E:\DATA THERMO\PIRATA-FR18\FR18-1.hex
* Software Version Seasave Win32 V 5.37m
* Temperature SN = 3293
* Conductivity SN = 3293
* System UpLoad Time = Sep 02 2008 07:56:58
* NMEA Latitude = 06 18.030 N
* NMEA Longitude = 002 26.100 E
* NMEA UTC (Time) = Sep 2 2008  07:56:52
** Ship:       ANTEA
** Cruise:     PIRATA-FR18
** Station:    1
** Latitude:   
** Longitude:  
# nquan = 12                                
# nvalues = 13766                       
# units = specified
# name 0 = scan: Scan Count
# name 1 = t090C: Temperature [ITS-90, deg C]
# name 2 = c0S/m: Conductivity [S/m]
# name 3 = t3890C: Temperature, SBE 38 [ITS-90, deg C]
# name 4 = latitude: Latitude [deg]
# name 5 = longitude: Longitude [deg]
# name 6 = timeJ: Julian Days
# name 7 = prM: Pressure [db]
# name 8 = sal00: Salinity [PSU]
# name 9 = sigma-é00: Density [sigma-theta, Kg/m^3]
# name 10 = svCM: Sound Velocity [Chen-Millero, m/s]
# name 11 = flag: flag
# span 0 =          1,      13766       
# span 1 =    25.6286,    26.8146       
# span 2 =   5.295215,   5.577239       
# span 3 =    25.3974,    26.5873       
# span 4 =    3.24432,    6.30032       
# span 5 =    1.25066,    2.43500       
# span 6 = 246.331157, 247.287060       
# span 7 =      0.000,      0.000       
# span 8 =    34.3285,    35.7481       
# span 9 =    22.5739,    23.6824       
# span 10 =    1535.48,    1539.26      
# span 11 = 0.0000e+00, 0.0000e+00      
# interval = seconds: 6                           
# start_time = Sep 02 2008 07:56:52
# bad_flag = -9.990e-29
*END*
[from data line 8662]
       8663    26.1289   5.370469    25.8884    4.35732    1.67882 246.932685      0.000    34.6018    22.6927    1536.66 0.0000e+00
       8664    26.1277   5.370265    25.8864    4.35700    1.67866 246.932755      0.000    34.6012    22.6927    1536.65 0.0000e+00
       8665    26.1265   5.369958    25.8855    4.35682    1.67866 246.932824      0.000    34.5999    22.6920    1536.65 0.0000e+00
       8666    26.1236   5.369854    25.8846    4.35666    1.67850 246.932894      0.000    34.6013    22.6940    1536.64 0.0000e+00
       8667    26.1224   5.369651    25.8831    4.35632    1.67850 246.932963      0.000    34.6007    22.6940    1536.64 0.0000e+00
       8668    26.1212   5.369348    25.8816    4.35616    1.67832 246.933032      0.000    34.5994    22.6934    1536.64 0.0000e+00
       8669    26.1206   5.369244    25.8814    4.35600    1.67816 246.933102      0.000    34.5991    22.6933    1536.64 0.0000e+00
       8670    26.1194   5.369040    25.8833    4.35582    1.67816 246.933171      0.000    34.5986    22.6933    1536.63 0.0000e+00
       8671    26.1182   5.368733    25.8823    4.35550    1.67800 246.933241      0.000    34.5972    22.6927    1536.63 0.0000e+00
       8672    26.1147   5.368426    25.8822    4.35532    1.67800 246.933310      0.000    34.5977    22.6941    1536.62 0.0000e+00
       8673    26.1117   5.368327    25.8809    4.35516    1.67782 246.933380      0.000    34.5992    22.6962    1536.61 0.0000e+00
       8674    26.1111   5.368327    25.8782    4.35482    1.67782 246.933449      0.000    34.5997    22.6967    1536.61 0.0000e+00
       8675    26.1111   5.368426    25.8774    4.35466    1.67766 246.933519      0.000    34.6004    22.6972    1536.61 0.0000e+00
       8676    26.1081   5.368223    25.8767    4.35450    1.67766 246.933588      0.000    34.6012    22.6988    1536.61 0.0000e+00
       8677    26.1045   5.367816    25.8750    4.35416    1.67750 246.933657      0.000    34.6009    22.6997    1536.60 0.0000e+00
       8678    26.1004   5.367409    25.8720    4.35400    1.67750 246.933727      0.000    34.6011    22.7011    1536.59 0.0000e+00
       8679    26.0980   5.367102    25.8701    4.35382    1.67732 246.933796      0.000    34.6006    22.7015    1536.58 0.0000e+00
       8680    26.0956   5.366795    25.8692    4.35366    1.67716 246.933866      0.000    34.6002    22.7020    1536.58 0.0000e+00
       8681    26.0933   5.366492    25.8679    4.35332    1.67716 246.933935      0.000    34.5998    22.7023    1536.57 0.0000e+00
       8682    26.0921   5.366185    25.8668    4.35316    1.67700 246.934005      0.000    34.5984    22.7017    1536.57 0.0000e+00
       8683    26.0903   5.365982    25.8644    4.35300    1.67700 246.934074      0.000    34.5983    22.7022    1536.56 0.0000e+00
       8684    26.0891   5.365778    25.8627    4.35266    1.67682 246.934144      0.000    34.5978    22.7021    1536.56 0.0000e+00
       8685    26.0886   5.365674    25.8615    4.35250    1.67682 246.934213      0.000    34.5974    22.7020    1536.56 0.0000e+00
       8686    26.0868   5.365471    25.8591    4.35232    1.67666 246.934282      0.000    34.5973    22.7025    1536.55 0.0000e+00
       8687    26.0844   5.365164    25.8587    4.35216    1.67666 246.934352      0.000    34.5968    22.7029    1536.55 0.0000e+00
       8688    26.0820   5.364861    25.8584    4.35182    1.67650 246.934421      0.000    34.5965    22.7034    1536.54 0.0000e+00
       8689    26.0814   5.364757    25.8574    4.35166    1.67650 246.934491      0.000    34.5962    22.7033    1536.54 0.0000e+00
       8690    26.0790   5.364450    25.8563    4.35150    1.67632 246.934560      0.000    34.5957    22.7038    1536.53 0.0000e+00
       8691    26.0820   5.363330    25.8556    4.35132    1.67616 246.934630      0.000    34.5854    22.6950    1536.53 0.0000e+00
       8692    26.0820   5.364351    25.8554    4.35100    1.67616 246.934699      0.000    34.5928    22.7006    1536.54 0.0000e+00
       8693    26.0779   5.364247    25.8542    4.35082    1.67600 246.934769      0.000    34.5951    22.7036    1536.53 0.0000e+00
       8694    26.0749   5.364147    25.8540    4.35066    1.67600 246.934838      0.000    34.5966    22.7057    1536.53 0.0000e+00
       8695    26.0743   5.364147    25.8521    4.35032    1.67582 246.934907      0.000    34.5971    22.7062    1536.52 0.0000e+00
       8696    26.0731   5.364147    25.8512    4.35016    1.67582 246.934977      0.000    34.5980    22.7073    1536.52 0.0000e+00
       8697    26.0731   5.364044    25.8471    4.35000    1.67566 246.935046      0.000    34.5972    22.7067    1536.52 0.0000e+00
       8698    26.0725   5.363840    25.8437    4.34982    1.67566 246.935116      0.000    34.5962    22.7061    1536.52 0.0000e+00
       8699    26.0707   5.363533    25.8427    4.34950    1.67550 246.935185      0.000    34.5953    22.7060    1536.51 0.0000e+00
       8700    26.0690   5.363226    25.8437    4.34932    1.67532 246.935255      0.000    34.5944    22.7059    1536.51 0.0000e+00
       8701    26.0672   5.362820    25.8403    4.34916    1.67532 246.935324      0.000    34.5928    22.7052    1536.50 0.0000e+00
       8702    26.0636   5.362210    25.8400    4.34882    1.67516 246.935394      0.000    34.5911    22.7051    1536.49 0.0000e+00
       8703    26.0613   5.361799    25.8409    4.34866    1.67516 246.935463      0.000    34.5899    22.7048    1536.49 0.0000e+00
       8704    26.0606   5.361596    25.8394    4.34850    1.67500 246.935532      0.000    34.5889    22.7043    1536.48 0.0000e+00
       8705    26.0583   5.361289    25.8397    4.34816    1.67500 246.935602      0.000    34.5884    22.7047    1536.48 0.0000e+00
       8706    26.0565   5.360986    25.8414    4.34800    1.67482 246.935671      0.000    34.5876    22.7046    1536.47 0.0000e+00
       8707    26.0571   5.360882    25.8420    4.34782    1.67482 246.935741      0.000    34.5864    22.7035    1536.47 0.0000e+00
       8708    26.0559   5.360778    25.8407    4.34766    1.67466 246.935810      0.000    34.5865    22.7040    1536.47 0.0000e+00
       8709    26.0553   5.360575    25.8398    4.34732    1.67466 246.935880      0.000    34.5855    22.7034    1536.47 0.0000e+00
       8710    26.0559   5.360778    25.8386    4.34716    1.67450 246.935949      0.000    34.5865    22.7040    1536.47 0.0000e+00
       8711    26.0565   5.360882    25.8344    4.34700    1.67432 246.936019      0.000    34.5868    22.7040    1536.47 0.0000e+00
       8712    26.0565   5.360882    25.8321    4.34666    1.67432 246.936088      0.000    34.5868    22.7040    1536.47 0.0000e+00
       8713    26.0559   5.360778    25.8316    4.34650    1.67416 246.936157      0.000    34.5865    22.7040    1536.47 0.0000e+00
       8714    26.0553   5.360575    25.8325    4.34632    1.67416 246.936227      0.000    34.5855    22.7034    1536.47 0.0000e+00
       8715    26.0517   5.360065    25.8313    4.34600    1.67400 246.936296      0.000    34.5845    22.7038    1536.46 0.0000e+00
       8716    26.0500   5.359762    25.8296    4.34582    1.67400 246.936366      0.000    34.5836    22.7036    1536.45 0.0000e+00
       8717    26.0488   5.359455    25.8291    4.34566    1.67382 246.936435      0.000    34.5823    22.7030    1536.45 0.0000e+00
       8718    26.0482   5.359455    25.8292    4.34550    1.67382 246.936505      0.000    34.5827    22.7035    1536.45 0.0000e+00
       8719    26.0488   5.359455    25.8284    4.34516    1.67366 246.936574      0.000    34.5823    22.7030    1536.45 0.0000e+00
       8720    26.0482   5.359252    25.8280    4.34500    1.67350 246.936644      0.000    34.5813    22.7024    1536.45 0.0000e+00
       8721    26.0458   5.358945    25.8282    4.34482    1.67350 246.936713      0.000    34.5808    22.7029    1536.44 0.0000e+00
       8722    26.0458   5.358841    25.8276    4.34450    1.67332 246.936782      0.000    34.5801    22.7023    1536.44 0.0000e+00
       8723    26.0452   5.358742    25.8263    4.34432    1.67332 246.936852      0.000    34.5798    22.7023    1536.44 0.0000e+00
       8724    26.0452   5.358742    25.8259    4.34416    1.67316 246.936921      0.000    34.5798    22.7023    1536.44 0.0000e+00
       8725    26.0446   5.358638    25.8263    4.34400    1.67316 246.936991      0.000    34.5795    22.7022    1536.44 0.0000e+00
       8726    26.0440   5.358638    25.8218    4.34366    1.67300 246.937060      0.000    34.5800    22.7028    1536.44 0.0000e+00
       8727    26.0440   5.358539    25.8189    4.34350    1.67300 246.937130      0.000    34.5792    22.7022    1536.43 0.0000e+00
       8728    26.0428   5.358435    25.8187    4.34332    1.67282 246.937199      0.000    34.5794    22.7027    1536.43 0.0000e+00
       8729    26.0446   5.358539    25.8190    4.34316    1.67282 246.937269      0.000    34.5788    22.7017    1536.44 0.0000e+00
       8730    26.0452   5.358539    25.8171    4.34282    1.67266 246.937338      0.000    34.5783    22.7012    1536.44 0.0000e+00
       8731    26.0440   5.358128    25.8154    4.34266    1.67250 246.937407      0.000    34.5763    22.7000    1536.43 0.0000e+00
       8732    26.0435   5.357925    25.8147    4.34250    1.67250 246.937477      0.000    34.5752    22.6993    1536.43 0.0000e+00
       8733    26.0428   5.357925    25.8148    4.34216    1.67232 246.937546      0.000    34.5757    22.6999    1536.43 0.0000e+00
       8734    26.0423   5.357925    25.8142    4.34200    1.67232 246.937616      0.000    34.5761    22.7004    1536.43 0.0000e+00
       8735    26.0423   5.357618    25.8153    4.34182    1.67216 246.937685      0.000    34.5738    22.6987    1536.43 0.0000e+00
       8736    26.0417   5.357518    25.8146    4.34166    1.67216 246.937755      0.000    34.5736    22.6987    1536.42 0.0000e+00
       8737    26.0411   5.357415    25.8133    4.34132    1.67200 246.937824      0.000    34.5733    22.6986    1536.42 0.0000e+00
       8738    26.0411   5.357211    25.8143    4.34116    1.67200 246.937894      0.000    34.5718    22.6975    1536.42 0.0000e+00
       8739    26.0417   5.357108    25.8148    4.34100    1.67182 246.937963      0.000    34.5706    22.6964    1536.42 0.0000e+00
       8740    26.0411   5.357008    25.8157    4.34066    1.67182 246.938032      0.000    34.5703    22.6964    1536.42 0.0000e+00
       8741    26.0405   5.356805    25.8160    4.34050    1.67166 246.938102      0.000    34.5693    22.6958    1536.42 0.0000e+00
       8742    26.0417   5.356701    25.8155    4.34032    1.67150 246.938171      0.000    34.5676    22.6942    1536.42 0.0000e+00
       8743    26.0435   5.356805    25.8160    4.34016    1.67150 246.938241      0.000    34.5670    22.6932    1536.42 0.0000e+00
       8744    26.0446   5.356904    25.8171    4.33982    1.67132 246.938310      0.000    34.5669    22.6927    1536.42 0.0000e+00
       8745    26.0458   5.356904    25.8170    4.33966    1.67132 246.938380      0.000    34.5660    22.6917    1536.43 0.0000e+00
       8746    26.0470   5.356904    25.8170    4.33950    1.67116 246.938449      0.000    34.5651    22.6906    1536.43 0.0000e+00
       8747    26.0482   5.356904    25.8176    4.33916    1.67116 246.938519      0.000    34.5642    22.6896    1536.43 0.0000e+00
       8748    26.0494   5.357008    25.8181    4.33900    1.67100 246.938588      0.000    34.5641    22.6891    1536.43 0.0000e+00
       8749    26.0500   5.357108    25.8187    4.33882    1.67100 246.938657      0.000    34.5643    22.6891    1536.43 0.0000e+00
       8750    26.0512   5.357108    25.8192    4.33866    1.67082 246.938727      0.000    34.5634    22.6880    1536.43 0.0000e+00
       8751    26.0524   5.357211    25.8184    4.33832    1.67082 246.938796      0.000    34.5633    22.6876    1536.44 0.0000e+00
       8752    26.0517   5.357211    25.8170    4.33816    1.67066 246.938866      0.000    34.5638    22.6882    1536.44 0.0000e+00
       8753    26.0517   5.357211    25.8147    4.33800    1.67050 246.938935      0.000    34.5638    22.6882    1536.44 0.0000e+00
       8754    26.0529   5.357315    25.8142    4.33766    1.67050 246.939005      0.000    34.5636    22.6877    1536.44 0.0000e+00
       8755    26.0535   5.357315    25.8137    4.33750    1.67032 246.939074      0.000    34.5632    22.6872    1536.44 0.0000e+00
       8756    26.0535   5.357211    25.8133    4.33732    1.67032 246.939144      0.000    34.5624    22.6866    1536.44 0.0000e+00
       8757    26.0529   5.357008    25.8144    4.33716    1.67016 246.939213      0.000    34.5614    22.6860    1536.44 0.0000e+00
       8758    26.0517   5.356904    25.8146    4.33682    1.67016 246.939282      0.000    34.5616    22.6865    1536.43 0.0000e+00
       8759    26.0517   5.356805    25.8140    4.33666    1.67000 246.939352      0.000    34.5608    22.6859    1536.43 0.0000e+00
       8760    26.0512   5.356805    25.8131    4.33650    1.67000 246.939421      0.000    34.5612    22.6864    1536.43 0.0000e+00
       8761    26.0506   5.356805    25.8128    4.33632    1.66982 246.939491      0.000    34.5617    22.6869    1536.43 0.0000e+00
       8762    26.0512   5.356805    25.8138    4.33600    1.66966 246.939560      0.000    34.5612    22.6864    1536.43 0.0000e+00
       8763    26.0506   5.356597    25.8139    4.33582    1.66966 246.939630      0.000    34.5602    22.6858    1536.43 0.0000e+00
       8764    26.0500   5.356394    25.8117    4.33566    1.66950 246.939699      0.000    34.5591    22.6852    1536.43 0.0000e+00
       8765    26.0494   5.356295    25.8115    4.33532    1.66950 246.939769      0.000    34.5589    22.6852    1536.43 0.0000e+00
       8766    26.0494   5.356295    25.8110    4.33516    1.66932 246.939838      0.000    34.5589    22.6852    1536.43 0.0000e+00
       8767    26.0488   5.356295    25.8104    4.33500    1.66932 246.939907      0.000    34.5593    22.6857    1536.42 0.0000e+00
       8768    26.0482   5.356295    25.8104    4.33482    1.66916 246.939977      0.000    34.5598    22.6862    1536.42 0.0000e+00
       8769    26.0476   5.356394    25.8100    4.33450    1.66916 246.940046      0.000    34.5610    22.6873    1536.42 0.0000e+00
       8770    26.0488   5.356394    25.8104    4.33432    1.66900 246.940116      0.000    34.5601    22.6862    1536.43 0.0000e+00
       8771    26.0470   5.356295    25.8104    4.33416    1.66900 246.940185      0.000    34.5607    22.6873    1536.42 0.0000e+00
       8772    26.0452   5.356191    25.8096    4.33382    1.66882 246.940255      0.000    34.5613    22.6883    1536.42 0.0000e+00
       8773    26.0452   5.355988    25.8101    4.33366    1.66866 246.940324      0.000    34.5598    22.6872    1536.42 0.0000e+00
       8774    26.0464   5.355884    25.8108    4.33350    1.66866 246.940394      0.000    34.5582    22.6856    1536.42 0.0000e+00
       8775    26.0470   5.355785    25.8104    4.33332    1.66850 246.940463      0.000    34.5570    22.6845    1536.42 0.0000e+00
       8776    26.0452   5.355374    25.8095    4.33298    1.66850 246.940532      0.000    34.5554    22.6838    1536.41 0.0000e+00
       8777    26.0458   5.354968    25.8092    4.33282    1.66832 246.940602      0.000    34.5520    22.6811    1536.41 0.0000e+00
       8778    26.0458   5.354661    25.8092    4.33266    1.66832 246.940671      0.000    34.5497    22.6794    1536.41 0.0000e+00
       8779    26.0464   5.354458    25.8091    4.33232    1.66816 246.940741      0.000    34.5478    22.6778    1536.41 0.0000e+00
       8780    26.0458   5.354255    25.8085    4.33216    1.66816 246.940810      0.000    34.5468    22.6772    1536.40 0.0000e+00
       8781    26.0452   5.354151    25.8079    4.33198    1.66800 246.940880      0.000    34.5465    22.6771    1536.40 0.0000e+00
