+us191/demos/datagui/FR18_1.cnv
* Sea-Bird SBE 21 Data File:
* FileName = E:\DATA THERMO\PIRATA-FR18\FR18-1.hex
* Software Version Seasave Win32 V 5.37m
* Temperature SN = 3293
* Conductivity SN = 3293
* System UpLoad Time = Sep 02 2008 07:56:58
* NMEA Latitude = 06 18.030 N
* NMEA Longitude = 002 26.100 E
* NMEA UTC (Time) = Sep 2 2008  07:56:52
** Ship:       ANTEA
** Cruise:     PIRATA-FR18
** Station:    1
** Latitude:   
** Longitude:  
# nquan = 12                                
# nvalues = 13766                       
# units = specified
# name 0 = scan: Scan Count
# name 1 = t090C: Temperature [ITS-90, deg C]
# name 2 = c0S/m: Conductivity [S/m]
# name 3 = t3890C: Temperature, SBE 38 [ITS-90, deg C]
# name 4 = latitude: Latitude [deg]
# name 5 = longitude: Longitude [deg]
# name 6 = timeJ: Julian Days
# name 7 = prM: Pressure [db]
# name 8 = sal00: Salinity [PSU]
# name 9 = sigma-é00: Density [sigma-theta, Kg/m^3]
# name 10 = svCM: Sound Velocity [Chen-Millero, m/s]
# name 11 = flag: flag
# span 0 =          1,      13766       
# span 1 =    25.6286,    26.8146       
# span 2 =   5.295215,   5.577239       
# span 3 =    25.3974,    26.5873       
# span 4 =    3.24432,    6.30032       
# span 5 =    1.25066,    2.43500       
# span 6 = 246.331157, 247.287060       
# span 7 =      0.000,      0.000       
# span 8 =    34.3285,    35.7481       
# span 9 =    22.5739,    23.6824       
# span 10 =    1535.48,    1539.26      
# span 11 = 0.0000e+00, 0.0000e+00      
# interval = seconds: 6                           
# start_time = Sep 02 2008 07:56:52
# bad_flag = -9.990e-29
*END*
[from data line 10467]
      10468    25.8068   5.317446    25.5828    3.96266    1.52832 247.058032      0.000    34.4592    22.6854    1535.75 0.0000e+00
      10469    25.8092   5.317752    25.5836    3.96250    1.52816 247.058102      0.000    34.4597    22.6849    1535.76 0.0000e+00
      10470    25.8110   5.317954    25.5851    3.96232    1.52816 247.058171      0.000    34.4598    22.6845    1535.76 0.0000e+00
      10471    25.8122   5.318157    25.5860    3.96200    1.52800 247.058241      0.000    34.4603    22.6845    1535.76 0.0000e+00
      10472    25.8146   5.318463    25.5883    3.96182    1.52800 247.058310      0.000    34.4608    22.6841    1535.77 0.0000e+00
      10473    25.8164   5.318669    25.5904    3.96166    1.52782 247.058380      0.000    34.4609    22.6836    1535.77 0.0000e+00
      10474    25.8169   5.318769    25.5907    3.96150    1.52782 247.058449      0.000    34.4613    22.6838    1535.78 0.0000e+00
      10475    25.8169   5.318769    25.5923    3.96116    1.52766 247.058519      0.000    34.4613    22.6838    1535.78 0.0000e+00
      10476    25.8176   5.318975    25.5957    3.96100    1.52766 247.058588      0.000    34.4622    22.6843    1535.78 0.0000e+00
      10477    25.8205   5.319281    25.5973    3.96082    1.52750 247.058657      0.000    34.4623    22.6834    1535.78 0.0000e+00
      10478    25.8223   5.319483    25.5976    3.96050    1.52750 247.058727      0.000    34.4624    22.6829    1535.79 0.0000e+00
      10479    25.8241   5.319686    25.5984    3.96032    1.52732 247.058796      0.000    34.4625    22.6825    1535.79 0.0000e+00
      10480    25.8265   5.319992    25.5995    3.96016    1.52732 247.058866      0.000    34.4629    22.6820    1535.80 0.0000e+00
      10481    25.8294   5.320298    25.6011    3.95982    1.52716 247.058935      0.000    34.4630    22.6812    1535.81 0.0000e+00
      10482    25.8306   5.320401    25.6031    3.95966    1.52700 247.059005      0.000    34.4628    22.6807    1535.81 0.0000e+00
      10483    25.8313   5.320504    25.6039    3.95950    1.52700 247.059074      0.000    34.4630    22.6806    1535.81 0.0000e+00
      10484    25.8313   5.320504    25.6043    3.95916    1.52682 247.059144      0.000    34.4630    22.6806    1535.81 0.0000e+00
      10485    25.8330   5.320707    25.6046    3.95900    1.52682 247.059213      0.000    34.4632    22.6803    1535.82 0.0000e+00
      10486    25.8336   5.320810    25.6063    3.95882    1.52666 247.059282      0.000    34.4635    22.6803    1535.82 0.0000e+00
      10487    25.8348   5.320909    25.6067    3.95850    1.52666 247.059352      0.000    34.4634    22.6798    1535.82 0.0000e+00
      10488    25.8354   5.321013    25.6067    3.95832    1.52650 247.059421      0.000    34.4637    22.6798    1535.82 0.0000e+00
      10489    25.8360   5.321116    25.6081    3.95816    1.52650 247.059491      0.000    34.4640    22.6799    1535.82 0.0000e+00
      10490    25.8372   5.321319    25.6086    3.95782    1.52632 247.059560      0.000    34.4645    22.6799    1535.83 0.0000e+00
      10491    25.8384   5.321521    25.6098    3.95766    1.52632 247.059630      0.000    34.4651    22.6800    1535.83 0.0000e+00
      10492    25.8396   5.321521    25.6101    3.95750    1.52616 247.059699      0.000    34.4642    22.6789    1535.83 0.0000e+00
      10493    25.8396   5.321625    25.6090    3.95716    1.52616 247.059769      0.000    34.4649    22.6795    1535.83 0.0000e+00
      10494    25.8408   5.321728    25.6083    3.95700    1.52600 247.059838      0.000    34.4648    22.6790    1535.84 0.0000e+00
      10495    25.8402   5.321728    25.6071    3.95682    1.52600 247.059907      0.000    34.4652    22.6795    1535.83 0.0000e+00
      10496    25.8396   5.321625    25.6049    3.95650    1.52582 247.059977      0.000    34.4649    22.6795    1535.83 0.0000e+00
      10497    25.8408   5.321728    25.6000    3.95632    1.52582 247.060046      0.000    34.4648    22.6790    1535.84 0.0000e+00
      10498    25.8402   5.321827    25.6001    3.95616    1.52566 247.060116      0.000    34.4660    22.6801    1535.84 0.0000e+00
      10499    25.8390   5.321827    25.6021    3.95582    1.52566 247.060185      0.000    34.4669    22.6811    1535.83 0.0000e+00
      10500    25.8384   5.321930    25.6041    3.95566    1.52550 247.060255      0.000    34.4681    22.6822    1535.83 0.0000e+00
      10501    25.8360   5.322034    25.6052    3.95550    1.52550 247.060324      0.000    34.4706    22.6849    1535.83 0.0000e+00
      10502    25.8330   5.321931    25.6071    3.95516    1.52532 247.060394      0.000    34.4722    22.6870    1535.82 0.0000e+00
      10503    25.8324   5.321827    25.6099    3.95500    1.52532 247.060463      0.000    34.4718    22.6869    1535.82 0.0000e+00
      10504    25.8336   5.321827    25.6094    3.95482    1.52516 247.060532      0.000    34.4709    22.6859    1535.82 0.0000e+00
      10505    25.8348   5.321827    25.6096    3.95450    1.52516 247.060602      0.000    34.4700    22.6848    1535.83 0.0000e+00
      10506    25.8372   5.321931    25.6101    3.95432    1.52500 247.060671      0.000    34.4690    22.6833    1535.83 0.0000e+00
      10507    25.8396   5.322236    25.6101    3.95416    1.52500 247.060741      0.000    34.4694    22.6829    1535.84 0.0000e+00
      10508    25.8419   5.322340    25.6099    3.95382    1.52482 247.060810      0.000    34.4684    22.6814    1535.84 0.0000e+00
      10509    25.8419   5.322340    25.6095    3.95366    1.52482 247.060880      0.000    34.4684    22.6814    1535.84 0.0000e+00
      10510    25.8419   5.322340    25.6098    3.95350    1.52466 247.060949      0.000    34.4684    22.6814    1535.84 0.0000e+00
      10511    25.8414   5.322340    25.6088    3.95316    1.52466 247.061019      0.000    34.4688    22.6819    1535.84 0.0000e+00
      10512    25.8408   5.322236    25.6091    3.95300    1.52450 247.061088      0.000    34.4685    22.6818    1535.84 0.0000e+00
      10513    25.8408   5.322236    25.6087    3.95282    1.52450 247.061157      0.000    34.4685    22.6818    1535.84 0.0000e+00
      10514    25.8408   5.322340    25.6085    3.95250    1.52432 247.061227      0.000    34.4693    22.6824    1535.84 0.0000e+00
      10515    25.8408   5.322340    25.6103    3.95232    1.52432 247.061296      0.000    34.4693    22.6824    1535.84 0.0000e+00
      10516    25.8402   5.322340    25.6104    3.95216    1.52416 247.061366      0.000    34.4697    22.6829    1535.84 0.0000e+00
      10517    25.8402   5.322439    25.6103    3.95182    1.52416 247.061435      0.000    34.4704    22.6835    1535.84 0.0000e+00
      10518    25.8408   5.322439    25.6091    3.95166    1.52400 247.061505      0.000    34.4700    22.6829    1535.84 0.0000e+00
      10519    25.8419   5.322646    25.6087    3.95150    1.52400 247.061574      0.000    34.4707    22.6831    1535.84 0.0000e+00
      10520    25.8419   5.322745    25.6082    3.95116    1.52382 247.061644      0.000    34.4714    22.6836    1535.84 0.0000e+00
      10521    25.8426   5.322848    25.6069    3.95100    1.52382 247.061713      0.000    34.4716    22.6836    1535.85 0.0000e+00
      10522    25.8414   5.322848    25.6070    3.95082    1.52366 247.061782      0.000    34.4725    22.6846    1535.84 0.0000e+00
      10523    25.8408   5.322848    25.6055    3.95066    1.52366 247.061852      0.000    34.4730    22.6852    1535.84 0.0000e+00
      10524    25.8402   5.322745    25.6049    3.95032    1.52350 247.061921      0.000    34.4727    22.6851    1535.84 0.0000e+00
      10525    25.8396   5.322745    25.6023    3.95016    1.52350 247.061991      0.000    34.4731    22.6857    1535.84 0.0000e+00
      10526    25.8396   5.322646    25.6016    3.95000    1.52332 247.062060      0.000    34.4724    22.6851    1535.84 0.0000e+00
      10527    25.8372   5.322542    25.6011    3.94966    1.52332 247.062130      0.000    34.4734    22.6867    1535.84 0.0000e+00
      10528    25.8354   5.322439    25.6005    3.94950    1.52316 247.062199      0.000    34.4740    22.6877    1535.83 0.0000e+00
      10529    25.8336   5.322237    25.5995    3.94932    1.52316 247.062269      0.000    34.4739    22.6881    1535.83 0.0000e+00
      10530    25.8330   5.322237    25.5983    3.94900    1.52300 247.062338      0.000    34.4744    22.6887    1535.83 0.0000e+00
      10531    25.8324   5.322133    25.5984    3.94882    1.52300 247.062407      0.000    34.4741    22.6886    1535.83 0.0000e+00
      10532    25.8313   5.322034    25.5987    3.94866    1.52282 247.062477      0.000    34.4742    22.6890    1535.82 0.0000e+00
      10533    25.8271   5.321728    25.5969    3.94832    1.52282 247.062546      0.000    34.4751    22.6911    1535.81 0.0000e+00
      10534    25.8235   5.321319    25.5957    3.94816    1.52266 247.062616      0.000    34.4749    22.6920    1535.81 0.0000e+00
      10535    25.8199   5.321013    25.5962    3.94800    1.52250 247.062685      0.000    34.4753    22.6935    1535.80 0.0000e+00
      10536    25.8176   5.320707    25.5958    3.94782    1.52250 247.062755      0.000    34.4749    22.6938    1535.79 0.0000e+00
      10537    25.8152   5.320505    25.5963    3.94750    1.52232 247.062824      0.000    34.4752    22.6948    1535.79 0.0000e+00
      10538    25.8140   5.320505    25.5957    3.94732    1.52232 247.062894      0.000    34.4761    22.6958    1535.78 0.0000e+00
      10539    25.8128   5.320401    25.5954    3.94716    1.52216 247.062963      0.000    34.4762    22.6963    1535.78 0.0000e+00
      10540    25.8128   5.320199    25.5953    3.94682    1.52216 247.063032      0.000    34.4748    22.6952    1535.78 0.0000e+00
      10541    25.8140   5.320505    25.5953    3.94666    1.52200 247.063102      0.000    34.4761    22.6958    1535.78 0.0000e+00
      10542    25.8134   5.320604    25.5942    3.94650    1.52200 247.063171      0.000    34.4773    22.6969    1535.78 0.0000e+00
      10543    25.8122   5.320604    25.5944    3.94632    1.52182 247.063241      0.000    34.4782    22.6980    1535.78 0.0000e+00
      10544    25.8116   5.320604    25.5941    3.94600    1.52182 247.063310      0.000    34.4786    22.6985    1535.78 0.0000e+00
      10545    25.8110   5.320707    25.5944    3.94582    1.52166 247.063380      0.000    34.4798    22.6996    1535.78 0.0000e+00
      10546    25.8110   5.320707    25.5930    3.94566    1.52166 247.063449      0.000    34.4798    22.6996    1535.78 0.0000e+00
      10547    25.8110   5.320707    25.5923    3.94532    1.52150 247.063519      0.000    34.4798    22.6996    1535.78 0.0000e+00
      10548    25.8092   5.320707    25.5934    3.94516    1.52150 247.063588      0.000    34.4812    22.7012    1535.78 0.0000e+00
      10549    25.8104   5.320707    25.5935    3.94500    1.52132 247.063657      0.000    34.4803    22.7001    1535.78 0.0000e+00
      10550    25.8098   5.320604    25.5937    3.94466    1.52132 247.063727      0.000    34.4800    22.7001    1535.78 0.0000e+00
      10551    25.8092   5.320604    25.5934    3.94450    1.52116 247.063796      0.000    34.4804    22.7006    1535.78 0.0000e+00
      10552    25.8074   5.320505    25.5935    3.94432    1.52116 247.063866      0.000    34.4811    22.7016    1535.77 0.0000e+00
      10553    25.8074   5.320401    25.5956    3.94416    1.52100 247.063935      0.000    34.4803    22.7011    1535.77 0.0000e+00
      10554    25.8086   5.320401    25.5964    3.94382    1.52100 247.064005      0.000    34.4794    22.7000    1535.78 0.0000e+00
      10555    25.8080   5.320298    25.5970    3.94366    1.52082 247.064074      0.000    34.4791    22.7000    1535.77 0.0000e+00
      10556    25.8074   5.320199    25.5983    3.94350    1.52082 247.064144      0.000    34.4788    22.7000    1535.77 0.0000e+00
      10557    25.8080   5.320199    25.5990    3.94316    1.52066 247.064213      0.000    34.4784    22.6994    1535.77 0.0000e+00
      10558    25.8104   5.320298    25.5991    3.94300    1.52066 247.064282      0.000    34.4773    22.6979    1535.78 0.0000e+00
      10559    25.8116   5.320298    25.6001    3.94282    1.52050 247.064352      0.000    34.4764    22.6968    1535.78 0.0000e+00
      10560    25.8122   5.320298    25.5994    3.94266    1.52050 247.064421      0.000    34.4759    22.6963    1535.78 0.0000e+00
      10561    25.8128   5.320401    25.5991    3.94232    1.52032 247.064491      0.000    34.4762    22.6963    1535.78 0.0000e+00
      10562    25.8134   5.320401    25.6005    3.94216    1.52032 247.064560      0.000    34.4758    22.6958    1535.78 0.0000e+00
      10563    25.8134   5.320505    25.6010    3.94200    1.52016 247.064630      0.000    34.4765    22.6964    1535.78 0.0000e+00
      10564    25.8140   5.320604    25.6016    3.94166    1.52016 247.064699      0.000    34.4768    22.6964    1535.79 0.0000e+00
      10565    25.8134   5.320505    25.6005    3.94150    1.52000 247.064769      0.000    34.4765    22.6964    1535.78 0.0000e+00
      10566    25.8140   5.320505    25.6010    3.94132    1.52000 247.064838      0.000    34.4761    22.6958    1535.78 0.0000e+00
      10567    25.8146   5.320505    25.6019    3.94100    1.51982 247.064907      0.000    34.4756    22.6953    1535.79 0.0000e+00
      10568    25.8146   5.320604    25.6003    3.94082    1.51982 247.064977      0.000    34.4764    22.6959    1535.79 0.0000e+00
      10569    25.8157   5.320707    25.6003    3.94066    1.51966 247.065046      0.000    34.4763    22.6955    1535.79 0.0000e+00
      10570    25.8169   5.320707    25.6009    3.94032    1.51966 247.065116      0.000    34.4754    22.6944    1535.79 0.0000e+00
      10571    25.8164   5.320811    25.6020    3.94016    1.51950 247.065185      0.000    34.4765    22.6954    1535.79 0.0000e+00
      10572    25.8157   5.320707    25.6034    3.94000    1.51950 247.065255      0.000    34.4763    22.6955    1535.79 0.0000e+00
      10573    25.8146   5.320604    25.6035    3.93966    1.51932 247.065324      0.000    34.4764    22.6959    1535.79 0.0000e+00
      10574    25.8146   5.320505    25.6042    3.93950    1.51932 247.065394      0.000    34.4756    22.6953    1535.79 0.0000e+00
      10575    25.8146   5.320505    25.6040    3.93932    1.51916 247.065463      0.000    34.4756    22.6953    1535.79 0.0000e+00
      10576    25.8157   5.320604    25.6022    3.93900    1.51916 247.065532      0.000    34.4755    22.6949    1535.79 0.0000e+00
      10577    25.8157   5.320604    25.6013    3.93882    1.51900 247.065602      0.000    34.4755    22.6949    1535.79 0.0000e+00
      10578    25.8164   5.320604    25.6038    3.93866    1.51900 247.065671      0.000    34.4750    22.6943    1535.79 0.0000e+00
      10579    25.8157   5.320604    25.6038    3.93850    1.51882 247.065741      0.000    34.4755    22.6949    1535.79 0.0000e+00
      10580    25.8157   5.320505    25.6036    3.93816    1.51882 247.065810      0.000    34.4748    22.6944    1535.79 0.0000e+00
      10581    25.8169   5.320505    25.6041    3.93800    1.51866 247.065880      0.000    34.4739    22.6933    1535.79 0.0000e+00
      10582    25.8169   5.320604    25.6048    3.93782    1.51850 247.065949      0.000    34.4746    22.6938    1535.79 0.0000e+00
      10583    25.8176   5.320707    25.6053    3.93750    1.51850 247.066019      0.000    34.4749    22.6938    1535.79 0.0000e+00
      10584    25.8169   5.320707    25.6049    3.93732    1.51832 247.066088      0.000    34.4754    22.6944    1535.79 0.0000e+00
      10585    25.8176   5.320810    25.6043    3.93716    1.51832 247.066157      0.000    34.4756    22.6944    1535.79 0.0000e+00
      10586    25.8176   5.320810    25.6048    3.93682    1.51816 247.066227      0.000    34.4756    22.6944    1535.79 0.0000e+00
