+us191/demos/datagui/FR18_1.cnv
* Sea-Bird SBE 21 Data File:
* FileName = E:\DATA THERMO\PIRATA-FR18\FR18-1.hex
* Software Version Seasave Win32 V 5.37m
* Temperature SN = 3293
* Conductivity SN = 3293
* System UpLoad Time = Sep 02 2008 07:56:58
* NMEA Latitude = 06 18.030 N
* NMEA Longitude = 002 26.100 E
* NMEA UTC (Time) = Sep 2 2008  07:56:52
** Ship:       ANTEA
** Cruise:     PIRATA-FR18
** Station:    1
** Latitude:   
** Longitude:  
# nquan = 12                                
# nvalues = 13766                       
# units = specified
# name 0 = scan: Scan Count
# name 1 = t090C: Temperature [ITS-90, deg C]
# name 2 = c0S/m: Conductivity [S/m]
# name 3 = t3890C: Temperature, SBE 38 [ITS-90, deg C]
# name 4 = latitude: Latitude [deg]
# name 5 = longitude: Longitude [deg]
# name 6 = timeJ: Julian Days
# name 7 = prM: Pressure [db]
# name 8 = sal00: Salinity [PSU]
# name 9 = sigma-é00: Density [sigma-theta, Kg/m^3]
# name 10 = svCM: Sound Velocity [Chen-Millero, m/s]
# name 11 = flag: flag
# span 0 =          1,      13766       
# span 1 =    25.6286,    26.8146       
# span 2 =   5.295215,   5.577239       
# span 3 =    25.3974,    26.5873       
# span 4 =    3.24432,    6.30032       
# span 5 =    1.25066,    2.43500       
# span 6 = 246.331157, 247.287060       
# span 7 =      0.000,      0.000       
# span 8 =    34.3285,    35.7481       
# span 9 =    22.5739,    23.6824       
# span 10 =    1535.48,    1539.26      
# span 11 = 0.0000e+00, 0.0000e+00      
# interval = seconds: 6                           
# start_time = Sep 02 2008 07:56:52
# bad_flag = -9.990e-29
*END*
[from data line 12752]
      12753    26.3302   5.442574    26.1037    3.46550    1.33616 247.216713      0.000    34.9715    22.9085    1537.52 0.0000e+00
      12754    26.3314   5.442984    26.1052    3.46532    1.33600 247.216782      0.000    34.9736    22.9097    1537.53 0.0000e+00
      12755    26.3308   5.443084    26.1065    3.46500    1.33600 247.216852      0.000    34.9748    22.9107    1537.53 0.0000e+00
      12756    26.3308   5.443084    26.1051    3.46482    1.33582 247.216921      0.000    34.9748    22.9107    1537.53 0.0000e+00
      12757    26.3308   5.443188    26.1055    3.46466    1.33582 247.216991      0.000    34.9755    22.9113    1537.53 0.0000e+00
      12758    26.3314   5.443289    26.1056    3.46432    1.33566 247.217060      0.000    34.9758    22.9113    1537.53 0.0000e+00
      12759    26.3319   5.443389    26.1103    3.46416    1.33566 247.217130      0.000    34.9761    22.9114    1537.53 0.0000e+00
      12760    26.3326   5.443389    26.1116    3.46382    1.33550 247.217199      0.000    34.9756    22.9108    1537.53 0.0000e+00
      12761    26.3326   5.443493    26.1136    3.46366    1.33550 247.217269      0.000    34.9763    22.9114    1537.53 0.0000e+00
      12762    26.3326   5.443594    26.1171    3.46350    1.33532 247.217338      0.000    34.9771    22.9119    1537.53 0.0000e+00
      12763    26.3349   5.444003    26.1204    3.46332    1.33532 247.217407      0.000    34.9783    22.9121    1537.54 0.0000e+00
      12764    26.3379   5.444413    26.1224    3.46300    1.33516 247.217477      0.000    34.9790    22.9117    1537.55 0.0000e+00
      12765    26.3397   5.444818    26.1231    3.46282    1.33516 247.217546      0.000    34.9805    22.9123    1537.55 0.0000e+00
      12766    26.3438   5.445328    26.1236    3.46266    1.33516 247.217616      0.000    34.9811    22.9114    1537.56 0.0000e+00
      12767    26.3462   5.445838    26.1253    3.46232    1.33500 247.217685      0.000    34.9830    22.9121    1537.57 0.0000e+00
      12768    26.3462   5.446043    26.1238    3.46216    1.33500 247.217755      0.000    34.9844    22.9132    1537.57 0.0000e+00
      12769    26.3467   5.446143    26.1229    3.46182    1.33482 247.217824      0.000    34.9848    22.9133    1537.57 0.0000e+00
      12770    26.3450   5.446143    26.1246    3.46166    1.33482 247.217894      0.000    34.9861    22.9148    1537.57 0.0000e+00
      12771    26.3467   5.446348    26.1246    3.46150    1.33466 247.217963      0.000    34.9863    22.9144    1537.57 0.0000e+00
      12772    26.3491   5.446553    26.1258    3.46116    1.33466 247.218032      0.000    34.9859    22.9134    1537.58 0.0000e+00
      12773    26.3491   5.446553    26.1245    3.46100    1.33450 247.218102      0.000    34.9859    22.9134    1537.58 0.0000e+00
      12774    26.3497   5.446653    26.1265    3.46082    1.33450 247.218171      0.000    34.9862    22.9134    1537.58 0.0000e+00
      12775    26.3515   5.446757    26.1255    3.46066    1.33432 247.218241      0.000    34.9856    22.9124    1537.59 0.0000e+00
      12776    26.3509   5.446858    26.1249    3.46032    1.33432 247.218310      0.000    34.9868    22.9135    1537.59 0.0000e+00
      12777    26.3527   5.446962    26.1246    3.46016    1.33416 247.218380      0.000    34.9862    22.9125    1537.59 0.0000e+00
      12778    26.3544   5.447163    26.1267    3.45982    1.33416 247.218449      0.000    34.9863    22.9120    1537.59 0.0000e+00
      12779    26.3550   5.447267    26.1248    3.45966    1.33400 247.218519      0.000    34.9866    22.9121    1537.59 0.0000e+00
      12780    26.3544   5.447163    26.1246    3.45950    1.33400 247.218588      0.000    34.9863    22.9120    1537.59 0.0000e+00
      12781    26.3538   5.447063    26.1227    3.45916    1.33382 247.218657      0.000    34.9860    22.9120    1537.59 0.0000e+00
      12782    26.3520   5.446858    26.1218    3.45900    1.33382 247.218727      0.000    34.9859    22.9125    1537.59 0.0000e+00
      12783    26.3503   5.446653    26.1214    3.45882    1.33366 247.218796      0.000    34.9857    22.9129    1537.58 0.0000e+00
      12784    26.3485   5.446452    26.1211    3.45850    1.33366 247.218866      0.000    34.9857    22.9134    1537.58 0.0000e+00
      12785    26.3462   5.446248    26.1209    3.45832    1.33350 247.218935      0.000    34.9859    22.9143    1537.57 0.0000e+00
      12786    26.3444   5.446043    26.1192    3.45816    1.33350 247.219005      0.000    34.9858    22.9148    1537.57 0.0000e+00
      12787    26.3455   5.446043    26.1168    3.45782    1.33332 247.219074      0.000    34.9850    22.9138    1537.57 0.0000e+00
      12788    26.3473   5.446143    26.1135    3.45766    1.33332 247.219144      0.000    34.9843    22.9128    1537.57 0.0000e+00
      12789    26.3473   5.446143    26.1152    3.45750    1.33316 247.219213      0.000    34.9843    22.9128    1537.57 0.0000e+00
      12790    26.3479   5.446043    26.1143    3.45716    1.33316 247.219282      0.000    34.9832    22.9117    1537.57 0.0000e+00
      12791    26.3467   5.445942    26.1102    3.45700    1.33300 247.219352      0.000    34.9833    22.9122    1537.57 0.0000e+00
      12792    26.3444   5.445738    26.1070    3.45682    1.33300 247.219421      0.000    34.9836    22.9131    1537.57 0.0000e+00
      12793    26.3432   5.445533    26.1034    3.45650    1.33282 247.219491      0.000    34.9830    22.9131    1537.56 0.0000e+00
      12794    26.3426   5.445533    26.1029    3.45632    1.33282 247.219560      0.000    34.9835    22.9136    1537.56 0.0000e+00
      12795    26.3408   5.445228    26.1075    3.45616    1.33266 247.219630      0.000    34.9827    22.9136    1537.56 0.0000e+00
      12796    26.3373   5.444718    26.1115    3.45582    1.33266 247.219699      0.000    34.9816    22.9139    1537.55 0.0000e+00
      12797    26.3331   5.444208    26.1204    3.45566    1.33250 247.219769      0.000    34.9811    22.9148    1537.54 0.0000e+00
      12798    26.3326   5.444003    26.1278    3.45550    1.33250 247.219838      0.000    34.9800    22.9142    1537.54 0.0000e+00
      12799    26.3319   5.444208    26.1359    3.45516    1.33232 247.219907      0.000    34.9820    22.9159    1537.54 0.0000e+00
      12800    26.3349   5.444718    26.1381    3.45500    1.33232 247.219977      0.000    34.9835    22.9160    1537.54 0.0000e+00
      12801    26.3402   5.445533    26.1415    3.45482    1.33216 247.220046      0.000    34.9853    22.9158    1537.56 0.0000e+00
      12802    26.3462   5.446553    26.1469    3.45450    1.33216 247.220116      0.000    34.9881    22.9160    1537.58 0.0000e+00
      12803    26.3532   5.447777    26.1491    3.45432    1.33200 247.220185      0.000    34.9917    22.9165    1537.60 0.0000e+00
      12804    26.3591   5.448693    26.1555    3.45416    1.33200 247.220255      0.000    34.9938    22.9162    1537.61 0.0000e+00
      12805    26.3645   5.449408    26.1579    3.45382    1.33182 247.220324      0.000    34.9949    22.9153    1537.63 0.0000e+00
      12806    26.3674   5.449918    26.1591    3.45366    1.33182 247.220394      0.000    34.9963    22.9155    1537.63 0.0000e+00
      12807    26.3698   5.450428    26.1611    3.45350    1.33166 247.220463      0.000    34.9982    22.9162    1537.64 0.0000e+00
      12808    26.3727   5.451038    26.1626    3.45316    1.33166 247.220532      0.000    35.0004    22.9169    1537.65 0.0000e+00
      12809    26.3787   5.451753    26.1638    3.45300    1.33150 247.220602      0.000    35.0010    22.9155    1537.66 0.0000e+00
      12810    26.3828   5.452264    26.1641    3.45282    1.33150 247.220671      0.000    35.0016    22.9146    1537.67 0.0000e+00
      12811    26.3840   5.452569    26.1636    3.45250    1.33132 247.220741      0.000    35.0029    22.9152    1537.68 0.0000e+00
      12812    26.3857   5.452878    26.1654    3.45232    1.33132 247.220810      0.000    35.0038    22.9154    1537.68 0.0000e+00
      12813    26.3881   5.453284    26.1688    3.45216    1.33116 247.220880      0.000    35.0049    22.9155    1537.69 0.0000e+00
      12814    26.3911   5.453489    26.1713    3.45182    1.33116 247.220949      0.000    35.0041    22.9139    1537.70 0.0000e+00
      12815    26.3916   5.453694    26.1719    3.45166    1.33100 247.221019      0.000    35.0052    22.9146    1537.70 0.0000e+00
      12816    26.3934   5.454100    26.1730    3.45150    1.33100 247.221088      0.000    35.0068    22.9152    1537.70 0.0000e+00
      12817    26.3952   5.454405    26.1760    3.45116    1.33082 247.221157      0.000    35.0076    22.9153    1537.71 0.0000e+00
      12818    26.3976   5.454815    26.1784    3.45100    1.33082 247.221227      0.000    35.0088    22.9154    1537.72 0.0000e+00
      12819    26.3993   5.455120    26.1826    3.45082    1.33066 247.221296      0.000    35.0097    22.9155    1537.72 0.0000e+00
      12820    26.3999   5.455426    26.1855    3.45050    1.33066 247.221366      0.000    35.0115    22.9167    1537.72 0.0000e+00
      12821    26.4023   5.455631    26.1892    3.45032    1.33050 247.221435      0.000    35.0111    22.9157    1537.73 0.0000e+00
      12822    26.4035   5.456036    26.1918    3.45016    1.33050 247.221505      0.000    35.0131    22.9168    1537.73 0.0000e+00
      12823    26.4076   5.456547    26.1908    3.44982    1.33032 247.221574      0.000    35.0137    22.9160    1537.75 0.0000e+00
      12824    26.4105   5.457057    26.1924    3.44966    1.33032 247.221644      0.000    35.0152    22.9162    1537.75 0.0000e+00
      12825    26.4117   5.457262    26.1938    3.44950    1.33032 247.221713      0.000    35.0157    22.9162    1537.76 0.0000e+00
      12826    26.4129   5.457567    26.1944    3.44916    1.33016 247.221782      0.000    35.0170    22.9168    1537.76 0.0000e+00
      12827    26.4135   5.457672    26.1973    3.44900    1.33016 247.221852      0.000    35.0173    22.9168    1537.76 0.0000e+00
      12828    26.4159   5.457977    26.1971    3.44882    1.33000 247.221921      0.000    35.0177    22.9164    1537.77 0.0000e+00
      12829    26.4171   5.458283    26.2002    3.44850    1.33000 247.221991      0.000    35.0190    22.9170    1537.77 0.0000e+00
      12830    26.4200   5.458588    26.2016    3.44832    1.32982 247.222060      0.000    35.0190    22.9161    1537.78 0.0000e+00
      12831    26.4218   5.458894    26.2030    3.44816    1.32982 247.222130      0.000    35.0199    22.9161    1537.78 0.0000e+00
      12832    26.4229   5.459099    26.2007    3.44782    1.32966 247.222199      0.000    35.0205    22.9163    1537.79 0.0000e+00
      12833    26.4241   5.459304    26.2034    3.44766    1.32966 247.222269      0.000    35.0211    22.9163    1537.79 0.0000e+00
      12834    26.4247   5.459505    26.2030    3.44750    1.32950 247.222338      0.000    35.0221    22.9169    1537.79 0.0000e+00
      12835    26.4265   5.459814    26.2032    3.44716    1.32950 247.222407      0.000    35.0229    22.9170    1537.80 0.0000e+00
      12836    26.4271   5.459915    26.2058    3.44700    1.32932 247.222477      0.000    35.0232    22.9170    1537.80 0.0000e+00
      12837    26.4271   5.459915    26.2069    3.44682    1.32932 247.222546      0.000    35.0232    22.9170    1537.80 0.0000e+00
      12838    26.4253   5.459814    26.2076    3.44650    1.32916 247.222616      0.000    35.0238    22.9180    1537.80 0.0000e+00
      12839    26.4247   5.459710    26.2071    3.44632    1.32916 247.222685      0.000    35.0235    22.9180    1537.80 0.0000e+00
      12840    26.4241   5.459710    26.2073    3.44616    1.32900 247.222755      0.000    35.0240    22.9185    1537.79 0.0000e+00
      12841    26.4247   5.459915    26.2053    3.44582    1.32900 247.222824      0.000    35.0250    22.9191    1537.80 0.0000e+00
      12842    26.4283   5.460321    26.2060    3.44566    1.32882 247.222894      0.000    35.0252    22.9181    1537.81 0.0000e+00
      12843    26.4289   5.460425    26.2075    3.44550    1.32882 247.222963      0.000    35.0255    22.9182    1537.81 0.0000e+00
      12844    26.4312   5.460630    26.2089    3.44516    1.32866 247.223032      0.000    35.0252    22.9172    1537.81 0.0000e+00
      12845    26.4306   5.460630    26.2094    3.44500    1.32866 247.223102      0.000    35.0257    22.9178    1537.81 0.0000e+00
      12846    26.4300   5.460731    26.2098    3.44482    1.32850 247.223171      0.000    35.0269    22.9188    1537.81 0.0000e+00
      12847    26.4306   5.460831    26.2106    3.44450    1.32850 247.223241      0.000    35.0272    22.9189    1537.81 0.0000e+00
      12848    26.4306   5.460831    26.2116    3.44432    1.32832 247.223310      0.000    35.0272    22.9189    1537.81 0.0000e+00
      12849    26.4306   5.460936    26.2123    3.44416    1.32832 247.223380      0.000    35.0279    22.9194    1537.81 0.0000e+00
      12850    26.4318   5.461137    26.2131    3.44382    1.32816 247.223449      0.000    35.0285    22.9195    1537.82 0.0000e+00
      12851    26.4324   5.461137    26.2150    3.44366    1.32816 247.223519      0.000    35.0280    22.9189    1537.82 0.0000e+00
      12852    26.4342   5.461442    26.2166    3.44350    1.32800 247.223588      0.000    35.0288    22.9190    1537.82 0.0000e+00
      12853    26.4360   5.461752    26.2176    3.44316    1.32800 247.223657      0.000    35.0297    22.9191    1537.83 0.0000e+00
      12854    26.4377   5.462058    26.2201    3.44300    1.32782 247.223727      0.000    35.0306    22.9192    1537.83 0.0000e+00
      12855    26.4407   5.462464    26.2217    3.44282    1.32782 247.223796      0.000    35.0313    22.9188    1537.84 0.0000e+00
      12856    26.4424   5.462769    26.2242    3.44250    1.32782 247.223866      0.000    35.0322    22.9189    1537.85 0.0000e+00
      12857    26.4436   5.463075    26.2257    3.44232    1.32766 247.223935      0.000    35.0335    22.9195    1537.85 0.0000e+00
      12858    26.4466   5.463485    26.2262    3.44200    1.32766 247.224005      0.000    35.0342    22.9191    1537.86 0.0000e+00
      12859    26.4484   5.463690    26.2259    3.44182    1.32750 247.224074      0.000    35.0343    22.9186    1537.86 0.0000e+00
      12860    26.4507   5.463996    26.2285    3.44166    1.32750 247.224144      0.000    35.0347    22.9182    1537.87 0.0000e+00
      12861    26.4537   5.464196    26.2318    3.44132    1.32732 247.224213      0.000    35.0339    22.9167    1537.87 0.0000e+00
      12862    26.4542   5.464402    26.2337    3.44116    1.32732 247.224282      0.000    35.0350    22.9173    1537.88 0.0000e+00
      12863    26.4537   5.464506    26.2353    3.44100    1.32716 247.224352      0.000    35.0361    22.9183    1537.88 0.0000e+00
      12864    26.4548   5.464707    26.2349    3.44066    1.32716 247.224421      0.000    35.0367    22.9185    1537.88 0.0000e+00
      12865    26.4584   5.465117    26.2320    3.44050    1.32700 247.224491      0.000    35.0370    22.9175    1537.89 0.0000e+00
      12866    26.4608   5.465524    26.2300    3.44032    1.32700 247.224560      0.000    35.0381    22.9176    1537.89 0.0000e+00
      12867    26.4625   5.465729    26.2294    3.44000    1.32682 247.224630      0.000    35.0383    22.9172    1537.90 0.0000e+00
      12868    26.4625   5.465829    26.2278    3.43982    1.32682 247.224699      0.000    35.0390    22.9177    1537.90 0.0000e+00
      12869    26.4619   5.465729    26.2282    3.43966    1.32666 247.224769      0.000    35.0387    22.9177    1537.90 0.0000e+00
      12870    26.4613   5.465628    26.2287    3.43932    1.32666 247.224838      0.000    35.0385    22.9177    1537.90 0.0000e+00
      12871    26.4608   5.465524    26.2283    3.43916    1.32650 247.224907      0.000    35.0381    22.9176    1537.89 0.0000e+00
      12872    26.4608   5.465423    26.2287    3.43900    1.32650 247.224977      0.000    35.0374    22.9170    1537.89 0.0000e+00
