+us191/demos/datagui/voca040.cnv
* Sea-Bird SBE 9 Data File:
* FileName = C:\Documents and Settings\lio\Mis documentos\Datos\Vocals\voca040.hex
* Software Version Seasave V 7.16
* Temperature SN = 2441
* Conductivity SN = 2072
* Number of Bytes Per Scan = 31
* Number of Voltage Words = 4
* Number of Scans Averaged by the Deck Unit = 1
* NMEA Latitude = 15 26.60 S
* NMEA Longitude = 076 49.21 W
* NMEA UTC (Time) = Feb 23 2089  08:04:46
** Ship: BIC Olaya 
** Station: 040
** Seccion: 
** Operador 
# nquan = 12
# nvalues = 1066                        
# units = specified
# name 0 = prDM: Pressure, Digiquartz [db]
# name 1 = t090C: Temperature [ITS-90, deg C]
# name 2 = c0S/m: Conductivity [S/m]
# name 3 = sbeox0V: Oxygen Voltage, SBE 43
# name 4 = flCUVA: Fluorescence, Chelsea UV Aquatracka [ug/l]
# name 5 = sbeox0ML/L: Oxygen, SBE 43 [ml/l]
# name 6 = sbeox0Mm/Kg: Oxygen, SBE 43 [umol/Kg]
# name 7 = nbin: Scans Per Bin
# name 8 = sal00: Salinity [PSU]
# name 9 = sigma-é00: Density [sigma-theta, Kg/m^3]
# name 10 = svCM: Sound Velocity [Chen-Millero, m/s]
# name 11 = flag:
# span 0 =      3.000,   1068.000       
# span 1 =     4.1157,    16.7928       
# span 2 =   3.273956,   4.471136       
# span 3 =     0.5399,     2.7515       
# span 4 =     0.0417,     0.3258       
# span 5 =    0.05187,    5.28093       
# span 6 =      2.256,    229.968       
# span 7 =         10,         52       
# span 8 =    34.4989,    35.0118       
# span 9 =    25.5608,    27.4139       
# span 10 =    1482.96,    1513.16      
# span 11 = 0.0000e+00, 0.0000e+00      
# interval = decibars: 1                
# start_time = Oct 09 2008 08:04:43
# bad_flag = -9.990e-29
*END*
[from data line 843]
    846.000     4.8242   3.325150     0.8154     0.0439    1.00760     43.803         17    34.5094    27.3142    1483.30 0.0000e+00
    847.000     4.8100   3.323811     0.8173     0.0460    1.01446     44.101         16    34.5080    27.3147    1483.26 0.0000e+00
    848.000     4.8044   3.323304     0.8198     0.0460    1.02345     44.492         16    34.5075    27.3149    1483.25 0.0000e+00
    849.000     4.7943   3.322351     0.8220     0.0460    1.03141     44.838         17    34.5064    27.3151    1483.23 0.0000e+00
    850.000     4.7889   3.321878     0.8254     0.0473    1.04310     45.346         17    34.5060    27.3154    1483.22 0.0000e+00
    851.000     4.7827   3.321398     0.8286     0.0486    1.05451     45.842         19    34.5063    27.3164    1483.21 0.0000e+00
    852.000     4.7800   3.321212     0.8324     0.0473    1.06788     46.423         31    34.5065    27.3168    1483.22 0.0000e+00
    853.000     4.7782   3.321124     0.8353     0.0462    1.07796     46.861         19    34.5068    27.3173    1483.23 0.0000e+00
    854.000     4.7779   3.321151     0.8364     0.0464    1.08187     47.032         15    34.5070    27.3175    1483.24 0.0000e+00
    855.000     4.7750   3.320929     0.8376     0.0464    1.08625     47.222         16    34.5068    27.3177    1483.25 0.0000e+00
    856.000     4.7694   3.320487     0.8375     0.0468    1.08626     47.222         15    34.5070    27.3185    1483.24 0.0000e+00
    857.000     4.7645   3.320115     0.8384     0.0457    1.08939     47.358         16    34.5072    27.3192    1483.24 0.0000e+00
    858.000     4.7601   3.319772     0.8390     0.0462    1.09175     47.461         16    34.5073    27.3198    1483.24 0.0000e+00
    859.000     4.7573   3.319574     0.8395     0.0481    1.09392     47.555         17    34.5074    27.3202    1483.24 0.0000e+00
    860.000     4.7530   3.319242     0.8398     0.0484    1.09522     47.612         18    34.5075    27.3207    1483.24 0.0000e+00
    861.000     4.7498   3.319012     0.8404     0.0472    1.09754     47.713         18    34.5076    27.3212    1483.24 0.0000e+00
    862.000     4.7373   3.317881     0.8408     0.0457    1.09929     47.789         19    34.5070    27.3221    1483.21 0.0000e+00
    863.000     4.7182   3.316166     0.8440     0.0465    1.11074     48.286         30    34.5064    27.3237    1483.14 0.0000e+00
    864.000     4.7164   3.316079     0.8462     0.0476    1.11854     48.625         17    34.5067    27.3242    1483.15 0.0000e+00
    865.000     4.7136   3.315826     0.8474     0.0483    1.12315     48.826         17    34.5062    27.3241    1483.16 0.0000e+00
    866.000     4.7081   3.315326     0.8492     0.0470    1.12970     49.111         16    34.5055    27.3242    1483.15 0.0000e+00
    867.000     4.6914   3.313661     0.8507     0.0455    1.13520     49.350         16    34.5030    27.3241    1483.10 0.0000e+00
    868.000     4.6565   3.310571     0.8532     0.0470    1.14489     49.771         17    34.5027    27.3276    1482.97 0.0000e+00
    869.000     4.6511   3.310158     0.8572     0.0487    1.15919     50.392         17    34.5030    27.3285    1482.96 0.0000e+00
    870.000     4.6508   3.310187     0.8605     0.0488    1.17067     50.891         18    34.5031    27.3286    1482.98 0.0000e+00
    871.000     4.6516   3.310302     0.8644     0.0475    1.18438     51.488         20    34.5032    27.3286    1483.00 0.0000e+00
    872.000     4.6519   3.310408     0.8674     0.0476    1.19466     51.934         25    34.5035    27.3289    1483.02 0.0000e+00
    873.000     4.6533   3.310588     0.8694     0.0469    1.20198     52.252         17    34.5037    27.3289    1483.04 0.0000e+00
    874.000     4.6536   3.310646     0.8702     0.0466    1.20461     52.367         15    34.5036    27.3287    1483.06 0.0000e+00
    875.000     4.6536   3.310703     0.8714     0.0469    1.20893     52.555         14    34.5038    27.3289    1483.07 0.0000e+00
    876.000     4.6534   3.310756     0.8711     0.0463    1.20806     52.517         15    34.5041    27.3292    1483.09 0.0000e+00
    877.000     4.6539   3.310838     0.8719     0.0459    1.21097     52.643         16    34.5041    27.3291    1483.11 0.0000e+00
    878.000     4.6546   3.310920     0.8725     0.0457    1.21340     52.749         18    34.5038    27.3288    1483.13 0.0000e+00
    879.000     4.6567   3.311271     0.8726     0.0470    1.21374     52.763         34    34.5052    27.3297    1483.16 0.0000e+00
    880.000     4.6657   3.312338     0.8709     0.0465    1.20777     52.504         26    34.5077    27.3307    1483.21 0.0000e+00
    881.000     4.6676   3.312557     0.8685     0.0446    1.19951     52.145         24    34.5078    27.3306    1483.24 0.0000e+00
    882.000     4.6675   3.312619     0.8661     0.0451    1.19150     51.797         17    34.5081    27.3309    1483.25 0.0000e+00
    883.000     4.6679   3.312694     0.8644     0.0464    1.18571     51.545         16    34.5081    27.3308    1483.27 0.0000e+00
    884.000     4.6680   3.312776     0.8635     0.0458    1.18274     51.416         16    34.5084    27.3311    1483.29 0.0000e+00
    885.000     4.6682   3.312801     0.8623     0.0448    1.17870     51.240         16    34.5080    27.3308    1483.31 0.0000e+00
    886.000     4.6666   3.312717     0.8615     0.0440    1.17611     51.128         17    34.5081    27.3310    1483.32 0.0000e+00
    887.000     4.6654   3.312648     0.8608     0.0442    1.17403     51.037         17    34.5081    27.3311    1483.33 0.0000e+00
    888.000     4.6601   3.312200     0.8605     0.0446    1.17343     51.011         19    34.5079    27.3316    1483.32 0.0000e+00
    889.000     4.6559   3.311898     0.8601     0.0453    1.17229     50.962         24    34.5082    27.3323    1483.32 0.0000e+00
    890.000     4.6546   3.311846     0.8600     0.0447    1.17196     50.947         18    34.5084    27.3326    1483.33 0.0000e+00
    891.000     4.6532   3.311802     0.8599     0.0447    1.17188     50.944         15    34.5089    27.3331    1483.34 0.0000e+00
    892.000     4.6470   3.311269     0.8597     0.0451    1.17135     50.921         16    34.5087    27.3337    1483.33 0.0000e+00
    893.000     4.6379   3.310483     0.8602     0.0466    1.17373     51.024         15    34.5085    27.3345    1483.31 0.0000e+00
    894.000     4.6307   3.309873     0.8603     0.0466    1.17450     51.057         16    34.5083    27.3352    1483.30 0.0000e+00
    895.000     4.6277   3.309704     0.8609     0.0468    1.17679     51.157         17    34.5089    27.3360    1483.31 0.0000e+00
    896.000     4.6237   3.309433     0.8613     0.0458    1.17840     51.227         25    34.5094    27.3368    1483.31 0.0000e+00
    897.000     4.6218   3.309312     0.8621     0.0459    1.18120     51.349         34    34.5095    27.3371    1483.31 0.0000e+00
    898.000     4.6145   3.308681     0.8626     0.0463    1.18345     51.447         28    34.5091    27.3376    1483.30 0.0000e+00
    899.000     4.6052   3.307858     0.8630     0.0453    1.18527     51.526         20    34.5088    27.3384    1483.28 0.0000e+00
    900.000     4.6013   3.307511     0.8639     0.0448    1.18859     51.670         17    34.5083    27.3384    1483.28 0.0000e+00
    901.000     4.5782   3.305354     0.8650     0.0458    1.19318     51.869         16    34.5067    27.3397    1483.20 0.0000e+00
    902.000     4.5675   3.304458     0.8667     0.0463    1.19972     52.154         16    34.5067    27.3409    1483.17 0.0000e+00
    903.000     4.5597   3.303761     0.8694     0.0464    1.20930     52.570         16    34.5063    27.3414    1483.15 0.0000e+00
    904.000     4.5421   3.302142     0.8718     0.0455    1.21840     52.965         18    34.5052    27.3424    1483.10 0.0000e+00
    905.000     4.5311   3.301211     0.8751     0.0435    1.23054     53.493         17    34.5052    27.3436    1483.07 0.0000e+00
    906.000     4.5230   3.300492     0.8785     0.0426    1.24268     54.021         19    34.5047    27.3442    1483.05 0.0000e+00
    907.000     4.5185   3.300091     0.8817     0.0446    1.25404     54.515         18    34.5042    27.3442    1483.05 0.0000e+00
    908.000     4.5154   3.299824     0.8846     0.0438    1.26445     54.967         19    34.5038    27.3443    1483.05 0.0000e+00
    909.000     4.5098   3.299316     0.8877     0.0443    1.27557     55.451         27    34.5032    27.3444    1483.04 0.0000e+00
    910.000     4.5024   3.298640     0.8928     0.0481    1.29381     56.244         29    34.5024    27.3446    1483.03 0.0000e+00
    911.000     4.4942   3.297834     0.8952     0.0473    1.30250     56.621         18    34.5011    27.3444    1483.01 0.0000e+00
    912.000     4.4830   3.296834     0.8980     0.0464    1.31264     57.062         16    34.5005    27.3452    1482.98 0.0000e+00
    913.000     4.4783   3.296455     0.9002     0.0462    1.32082     57.418         16    34.5005    27.3457    1482.98 0.0000e+00
    914.000     4.4728   3.295969     0.9031     0.0463    1.33120     57.869         17    34.5000    27.3460    1482.97 0.0000e+00
    915.000     4.4688   3.295639     0.9057     0.0460    1.34079     58.286         16    34.4999    27.3462    1482.97 0.0000e+00
    916.000     4.4681   3.295623     0.9078     0.0455    1.34833     58.614         18    34.4999    27.3463    1482.98 0.0000e+00
    917.000     4.4672   3.295569     0.9102     0.0465    1.35679     58.982         19    34.4996    27.3463    1483.00 0.0000e+00
    918.000     4.4667   3.295572     0.9124     0.0480    1.36482     59.331         31    34.4998    27.3464    1483.01 0.0000e+00
    919.000     4.4626   3.295261     0.9145     0.0478    1.37217     59.650         23    34.4999    27.3470    1483.01 0.0000e+00
    920.000     4.4543   3.294557     0.9158     0.0457    1.37713     59.865         17    34.4997    27.3477    1482.99 0.0000e+00
    921.000     4.4447   3.293780     0.9166     0.0455    1.38055     60.014         16    34.5002    27.3491    1482.97 0.0000e+00
    922.000     4.4432   3.293691     0.9178     0.0446    1.38504     60.209         16    34.5002    27.3493    1482.98 0.0000e+00
    923.000     4.4417   3.293619     0.9183     0.0449    1.38688     60.289         16    34.5003    27.3496    1482.99 0.0000e+00
    924.000     4.4406   3.293585     0.9191     0.0445    1.39006     60.427         16    34.5006    27.3500    1483.00 0.0000e+00
    925.000     4.4379   3.293407     0.9194     0.0446    1.39139     60.485         18    34.5008    27.3504    1483.01 0.0000e+00
    926.000     4.4350   3.293224     0.9194     0.0443    1.39167     60.497         18    34.5012    27.3511    1483.01 0.0000e+00
    927.000     4.4328   3.293106     0.9200     0.0432    1.39411     60.603         20    34.5016    27.3516    1483.02 0.0000e+00
    928.000     4.4331   3.293243     0.9197     0.0433    1.39325     60.566         18    34.5023    27.3522    1483.04 0.0000e+00
    929.000     4.4310   3.293091     0.9196     0.0437    1.39311     60.560         17    34.5022    27.3523    1483.05 0.0000e+00
    930.000     4.4275   3.292829     0.9192     0.0439    1.39194     60.509         17    34.5023    27.3528    1483.05 0.0000e+00
    931.000     4.4263   3.292768     0.9195     0.0460    1.39304     60.557         24    34.5024    27.3530    1483.06 0.0000e+00
    932.000     4.4259   3.292790     0.9192     0.0445    1.39240     60.529         25    34.5025    27.3531    1483.08 0.0000e+00
    933.000     4.4229   3.292578     0.9189     0.0441    1.39155     60.492         24    34.5026    27.3535    1483.08 0.0000e+00
    934.000     4.4213   3.292493     0.9191     0.0455    1.39250     60.533         19    34.5028    27.3539    1483.09 0.0000e+00
    935.000     4.4203   3.292449     0.9191     0.0461    1.39276     60.545         16    34.5028    27.3540    1483.10 0.0000e+00
    936.000     4.4174   3.292228     0.9191     0.0468    1.39305     60.557         16    34.5028    27.3543    1483.11 0.0000e+00
    937.000     4.4129   3.291863     0.9189     0.0456    1.39269     60.541         17    34.5028    27.3547    1483.11 0.0000e+00
    938.000     4.4102   3.291670     0.9191     0.0448    1.39377     60.589         18    34.5028    27.3550    1483.11 0.0000e+00
    939.000     4.4097   3.291667     0.9199     0.0470    1.39669     60.716         19    34.5028    27.3551    1483.13 0.0000e+00
    940.000     4.4093   3.291687     0.9199     0.0463    1.39689     60.724         22    34.5029    27.3552    1483.14 0.0000e+00
    941.000     4.4085   3.291653     0.9204     0.0450    1.39864     60.800         26    34.5028    27.3553    1483.15 0.0000e+00
    942.000     4.4070   3.291579     0.9207     0.0460    1.40012     60.864         19    34.5030    27.3556    1483.17 0.0000e+00
    943.000     4.4063   3.291567     0.9205     0.0461    1.39955     60.839         16    34.5031    27.3557    1483.18 0.0000e+00
    944.000     4.4042   3.291425     0.9207     0.0463    1.40062     60.886         16    34.5031    27.3560    1483.19 0.0000e+00
    945.000     4.4008   3.291167     0.9212     0.0459    1.40255     60.970         16    34.5031    27.3564    1483.19 0.0000e+00
    946.000     4.3973   3.290899     0.9209     0.0451    1.40195     60.944         17    34.5031    27.3568    1483.19 0.0000e+00
    947.000     4.3963   3.290846     0.9216     0.0447    1.40444     61.052         30    34.5030    27.3568    1483.20 0.0000e+00
    948.000     4.3893   3.290283     0.9221     0.0443    1.40661     61.146         19    34.5033    27.3578    1483.19 0.0000e+00
    949.000     4.3835   3.289847     0.9219     0.0445    1.40627     61.132         16    34.5036    27.3587    1483.18 0.0000e+00
    950.000     4.3812   3.289684     0.9220     0.0443    1.40710     61.168         15    34.5037    27.3590    1483.19 0.0000e+00
    951.000     4.3787   3.289512     0.9226     0.0448    1.40952     61.273         16    34.5038    27.3593    1483.20 0.0000e+00
    952.000     4.3723   3.289049     0.9233     0.0446    1.41214     61.387         25    34.5044    27.3605    1483.19 0.0000e+00
    953.000     4.3713   3.289036     0.9234     0.0463    1.41294     61.421         29    34.5049    27.3610    1483.20 0.0000e+00
    954.000     4.3677   3.288795     0.9233     0.0461    1.41276     61.414         17    34.5052    27.3617    1483.20 0.0000e+00
    955.000     4.3653   3.288648     0.9232     0.0456    1.41279     61.415         17    34.5056    27.3622    1483.21 0.0000e+00
    956.000     4.3643   3.288601     0.9229     0.0457    1.41198     61.380         16    34.5055    27.3623    1483.22 0.0000e+00
    957.000     4.3597   3.288227     0.9229     0.0447    1.41232     61.394         16    34.5054    27.3627    1483.22 0.0000e+00
    958.000     4.3489   3.287371     0.9231     0.0443    1.41342     61.442         17    34.5062    27.3645    1483.19 0.0000e+00
    959.000     4.3460   3.287163     0.9231     0.0462    1.41393     61.464         18    34.5063    27.3649    1483.20 0.0000e+00
    960.000     4.3422   3.286886     0.9230     0.0467    1.41376     61.457         17    34.5065    27.3654    1483.20 0.0000e+00
    961.000     4.3392   3.286683     0.9229     0.0461    1.41385     61.460         19    34.5066    27.3659    1483.20 0.0000e+00
    962.000     4.3378   3.286619     0.9229     0.0464    1.41397     61.466         30    34.5068    27.3662    1483.21 0.0000e+00
    963.000     4.3364   3.286554     0.9230     0.0449    1.41444     61.486         25    34.5071    27.3665    1483.23 0.0000e+00
    964.000     4.3345   3.286452     0.9233     0.0444    1.41578     61.545         18    34.5073    27.3670    1483.23 0.0000e+00
