+us191/demos/datagui/voca040.cnv
* Sea-Bird SBE 9 Data File:
* FileName = C:\Documents and Settings\lio\Mis documentos\Datos\Vocals\voca040.hex
* Software Version Seasave V 7.16
* Temperature SN = 2441
* Conductivity SN = 2072
* Number of Bytes Per Scan = 31
* Number of Voltage Words = 4
* Number of Scans Averaged by the Deck Unit = 1
* NMEA Latitude = 15 26.60 S
* NMEA Longitude = 076 49.21 W
* NMEA UTC (Time) = Feb 23 2089  08:04:46
** Ship: BIC Olaya 
** Station: 040
** Seccion: 
** Operador 
# nquan = 12
# nvalues = 1066                        
# units = specified
# name 0 = prDM: Pressure, Digiquartz [db]
# name 1 = t090C: Temperature [ITS-90, deg C]
# name 2 = c0S/m: Conductivity [S/m]
# name 3 = sbeox0V: Oxygen Voltage, SBE 43
# name 4 = flCUVA: Fluorescence, Chelsea UV Aquatracka [ug/l]
# name 5 = sbeox0ML/L: Oxygen, SBE 43 [ml/l]
# name 6 = sbeox0Mm/Kg: Oxygen, SBE 43 [umol/Kg]
# name 7 = nbin: Scans Per Bin
# name 8 = sal00: Salinity [PSU]
# name 9 = sigma-é00: Density [sigma-theta, Kg/m^3]
# name 10 = svCM: Sound Velocity [Chen-Millero, m/s]
# name 11 = flag:
# span 0 =      3.000,   1068.000       
# span 1 =     4.1157,    16.7928       
# span 2 =   3.273956,   4.471136       
# span 3 =     0.5399,     2.7515       
# span 4 =     0.0417,     0.3258       
# span 5 =    0.05187,    5.28093       
# span 6 =      2.256,    229.968       
# span 7 =         10,         52       
# span 8 =    34.4989,    35.0118       
# span 9 =    25.5608,    27.4139       
# span 10 =    1482.96,    1513.16      
# span 11 = 0.0000e+00, 0.0000e+00      
# interval = decibars: 1                
# start_time = Oct 09 2008 08:04:43
# bad_flag = -9.990e-29
*END*
[from data line 482]
    485.000     7.7340   3.578352     0.6383     0.0542    0.35676     15.514         17    34.5701    26.9826    1488.91 0.0000e+00
    486.000     7.7219   3.577265     0.6398     0.0562    0.36156     15.723         18    34.5698    26.9842    1488.88 0.0000e+00
    487.000     7.7103   3.576152     0.6413     0.0563    0.36617     15.923         18    34.5688    26.9852    1488.85 0.0000e+00
    488.000     7.6915   3.574396     0.6429     0.0550    0.37130     16.147         18    34.5680    26.9873    1488.80 0.0000e+00
    489.000     7.6821   3.573547     0.6442     0.0553    0.37537     16.323         18    34.5677    26.9884    1488.78 0.0000e+00
    490.000     7.6723   3.572642     0.6455     0.0541    0.37966     16.510         18    34.5672    26.9894    1488.76 0.0000e+00
    491.000     7.6504   3.570551     0.6469     0.0505    0.38389     16.694         18    34.5658    26.9915    1488.69 0.0000e+00
    492.000     7.6347   3.569088     0.6482     0.0487    0.38807     16.876         19    34.5651    26.9932    1488.64 0.0000e+00
    493.000     7.6203   3.567732     0.6497     0.0511    0.39297     17.089         19    34.5643    26.9947    1488.60 0.0000e+00
    494.000     7.6112   3.566908     0.6506     0.0532    0.39589     17.216         20    34.5639    26.9957    1488.58 0.0000e+00
    495.000     7.5999   3.565902     0.6519     0.0534    0.39998     17.393         19    34.5637    26.9972    1488.56 0.0000e+00
    496.000     7.5956   3.565531     0.6526     0.0532    0.40218     17.489         18    34.5635    26.9977    1488.56 0.0000e+00
    497.000     7.5932   3.565347     0.6529     0.0530    0.40329     17.538         19    34.5634    26.9980    1488.57 0.0000e+00
    498.000     7.5910   3.565188     0.6538     0.0510    0.40621     17.664         18    34.5634    26.9983    1488.57 0.0000e+00
    499.000     7.5890   3.565051     0.6542     0.0503    0.40724     17.709         20    34.5635    26.9987    1488.58 0.0000e+00
    500.000     7.5880   3.565014     0.6547     0.0501    0.40890     17.781         17    34.5636    26.9989    1488.59 0.0000e+00
    501.000     7.5841   3.564659     0.6551     0.0505    0.41042     17.847         16    34.5631    26.9991    1488.60 0.0000e+00
    502.000     7.5615   3.562422     0.6556     0.0519    0.41207     17.919         15    34.5609    27.0006    1488.52 0.0000e+00
    503.000     7.5141   3.557858     0.6555     0.0529    0.41238     17.933         16    34.5580    27.0051    1488.35 0.0000e+00
    504.000     7.4969   3.556335     0.6567     0.0529    0.41605     18.092         17    34.5582    27.0077    1488.31 0.0000e+00
    505.000     7.4917   3.555850     0.6571     0.0537    0.41767     18.162         19    34.5576    27.0080    1488.30 0.0000e+00
    506.000     7.4706   3.553841     0.6585     0.0535    0.42225     18.362         20    34.5562    27.0100    1488.24 0.0000e+00
    507.000     7.4466   3.551569     0.6594     0.0526    0.42504     18.483         17    34.5549    27.0124    1488.16 0.0000e+00
    508.000     7.4249   3.549493     0.6599     0.0530    0.42704     18.570         17    34.5535    27.0144    1488.09 0.0000e+00
    509.000     7.4084   3.547962     0.6605     0.0521    0.42919     18.663         17    34.5528    27.0162    1488.04 0.0000e+00
    510.000     7.4036   3.547554     0.6608     0.0520    0.42997     18.697         23    34.5527    27.0168    1488.04 0.0000e+00
    511.000     7.4007   3.547335     0.6614     0.0529    0.43190     18.781         25    34.5527    27.0172    1488.05 0.0000e+00
    512.000     7.3911   3.546470     0.6625     0.0536    0.43547     18.936         18    34.5524    27.0183    1488.02 0.0000e+00
    513.000     7.3815   3.545655     0.6628     0.0542    0.43677     18.993         16    34.5526    27.0199    1488.00 0.0000e+00
    514.000     7.3797   3.545533     0.6637     0.0534    0.43960     19.116         15    34.5526    27.0201    1488.01 0.0000e+00
    515.000     7.3772   3.545316     0.6646     0.0525    0.44232     19.234         17    34.5522    27.0202    1488.02 0.0000e+00
    516.000     7.3626   3.543948     0.6653     0.0521    0.44470     19.338         19    34.5514    27.0217    1487.98 0.0000e+00
    517.000     7.3447   3.542244     0.6665     0.0516    0.44881     19.517         31    34.5502    27.0233    1487.93 0.0000e+00
    518.000     7.3187   3.539732     0.6678     0.0505    0.45305     19.701         20    34.5483    27.0254    1487.84 0.0000e+00
    519.000     7.3088   3.538815     0.6690     0.0509    0.45703     19.874         16    34.5477    27.0264    1487.82 0.0000e+00
    520.000     7.3039   3.538368     0.6697     0.0504    0.45930     19.973         16    34.5472    27.0267    1487.81 0.0000e+00
    521.000     7.2967   3.537736     0.6707     0.0511    0.46231     20.103         16    34.5470    27.0275    1487.80 0.0000e+00
    522.000     7.2940   3.537520     0.6713     0.0526    0.46451     20.199         17    34.5469    27.0279    1487.81 0.0000e+00
    523.000     7.2884   3.537079     0.6717     0.0533    0.46572     20.252         17    34.5472    27.0289    1487.80 0.0000e+00
    524.000     7.2850   3.536884     0.6724     0.0532    0.46798     20.350         20    34.5480    27.0300    1487.81 0.0000e+00
    525.000     7.2840   3.536902     0.6725     0.0523    0.46852     20.374         21    34.5487    27.0307    1487.82 0.0000e+00
    526.000     7.2825   3.536827     0.6724     0.0521    0.46825     20.362         18    34.5489    27.0311    1487.83 0.0000e+00
    527.000     7.2769   3.536400     0.6721     0.0524    0.46724     20.318         19    34.5493    27.0322    1487.83 0.0000e+00
    528.000     7.2701   3.535837     0.6720     0.0506    0.46705     20.309         21    34.5495    27.0333    1487.82 0.0000e+00
    529.000     7.2589   3.534814     0.6719     0.0508    0.46700     20.307         22    34.5490    27.0346    1487.79 0.0000e+00
    530.000     7.2439   3.533409     0.6717     0.0510    0.46672     20.295         21    34.5482    27.0360    1487.75 0.0000e+00
    531.000     7.2240   3.531584     0.6718     0.0499    0.46717     20.315         16    34.5476    27.0383    1487.69 0.0000e+00
    532.000     7.2133   3.530620     0.6722     0.0503    0.46856     20.375         16    34.5472    27.0396    1487.66 0.0000e+00
    533.000     7.1972   3.529102     0.6718     0.0503    0.46780     20.342         16    34.5463    27.0411    1487.62 0.0000e+00
    534.000     7.1754   3.527122     0.6720     0.0519    0.46851     20.373         17    34.5459    27.0439    1487.55 0.0000e+00
    535.000     7.1685   3.526508     0.6716     0.0521    0.46732     20.321         18    34.5456    27.0446    1487.54 0.0000e+00
    536.000     7.1678   3.526452     0.6709     0.0526    0.46530     20.233         33    34.5452    27.0444    1487.55 0.0000e+00
    537.000     7.1558   3.525369     0.6706     0.0530    0.46464     20.205         21    34.5448    27.0458    1487.52 0.0000e+00
    538.000     7.1440   3.524310     0.6703     0.0521    0.46395     20.174         17    34.5446    27.0473    1487.49 0.0000e+00
    539.000     7.1381   3.523768     0.6705     0.0506    0.46474     20.209         17    34.5441    27.0476    1487.48 0.0000e+00
    540.000     7.1102   3.521126     0.6706     0.0515    0.46539     20.237         16    34.5426    27.0504    1487.39 0.0000e+00
    541.000     7.1012   3.520312     0.6712     0.0524    0.46731     20.320         17    34.5422    27.0513    1487.37 0.0000e+00
    542.000     7.0799   3.518320     0.6718     0.0535    0.46932     20.408         18    34.5412    27.0535    1487.31 0.0000e+00
    543.000     7.0704   3.517469     0.6720     0.0536    0.47012     20.442         18    34.5408    27.0545    1487.28 0.0000e+00
    544.000     7.0652   3.516979     0.6726     0.0532    0.47234     20.539         17    34.5402    27.0547    1487.28 0.0000e+00
    545.000     7.0597   3.516488     0.6731     0.0511    0.47401     20.611         18    34.5398    27.0552    1487.27 0.0000e+00
    546.000     7.0534   3.515897     0.6741     0.0500    0.47716     20.749         30    34.5392    27.0556    1487.27 0.0000e+00
    547.000     7.0437   3.515010     0.6757     0.0507    0.48242     20.977         29    34.5387    27.0565    1487.24 0.0000e+00
    548.000     7.0334   3.514016     0.6770     0.0521    0.48649     21.154         17    34.5376    27.0572    1487.22 0.0000e+00
    549.000     7.0154   3.512285     0.6782     0.0516    0.49054     21.330         17    34.5362    27.0585    1487.16 0.0000e+00
    550.000     6.9858   3.509488     0.6799     0.0506    0.49622     21.577         16    34.5346    27.0613    1487.06 0.0000e+00
    551.000     6.9715   3.508149     0.6819     0.0494    0.50276     21.862         16    34.5337    27.0626    1487.02 0.0000e+00
    552.000     6.9648   3.507520     0.6845     0.0475    0.51125     22.231         17    34.5331    27.0630    1487.01 0.0000e+00
    553.000     6.9577   3.506847     0.6868     0.0485    0.51851     22.546         18    34.5323    27.0634    1487.00 0.0000e+00
    554.000     6.9479   3.505944     0.6897     0.0485    0.52790     22.955         18    34.5317    27.0643    1486.98 0.0000e+00
    555.000     6.9403   3.505384     0.6912     0.0476    0.53255     23.157         19    34.5326    27.0661    1486.97 0.0000e+00
    556.000     6.9318   3.504699     0.6911     0.0488    0.53249     23.154         19    34.5332    27.0677    1486.95 0.0000e+00
    557.000     6.9296   3.504605     0.6899     0.0509    0.52873     22.991         22    34.5338    27.0685    1486.96 0.0000e+00
    558.000     6.9310   3.504861     0.6880     0.0510    0.52310     22.746         19    34.5348    27.0691    1486.98 0.0000e+00
    559.000     6.9299   3.504821     0.6864     0.0492    0.51812     22.529         16    34.5349    27.0694    1487.00 0.0000e+00
    560.000     6.9224   3.504109     0.6850     0.0500    0.51372     22.338         16    34.5341    27.0698    1486.98 0.0000e+00
    561.000     6.9111   3.503031     0.6843     0.0512    0.51179     22.254         16    34.5331    27.0705    1486.95 0.0000e+00
    562.000     6.9023   3.502201     0.6841     0.0508    0.51122     22.229         16    34.5323    27.0711    1486.94 0.0000e+00
    563.000     6.8944   3.501457     0.6854     0.0485    0.51559     22.419         17    34.5316    27.0716    1486.92 0.0000e+00
    564.000     6.8847   3.500559     0.6865     0.0482    0.51918     22.576         17    34.5309    27.0724    1486.90 0.0000e+00
    565.000     6.8755   3.499704     0.6883     0.0487    0.52511     22.833         19    34.5302    27.0731    1486.88 0.0000e+00
    566.000     6.8620   3.498505     0.6905     0.0512    0.53223     23.143         37    34.5301    27.0749    1486.84 0.0000e+00
    567.000     6.8480   3.497178     0.6932     0.0528    0.54090     23.520         23    34.5290    27.0759    1486.80 0.0000e+00
    568.000     6.8158   3.494029     0.6947     0.0529    0.54613     23.747         18    34.5262    27.0781    1486.69 0.0000e+00
    569.000     6.7930   3.491937     0.6965     0.0511    0.55218     24.010         16    34.5254    27.0806    1486.62 0.0000e+00
    570.000     6.7752   3.490207     0.6994     0.0507    0.56169     24.424         17    34.5238    27.0817    1486.56 0.0000e+00
    571.000     6.7618   3.488976     0.7026     0.0500    0.57213     24.878         16    34.5232    27.0830    1486.52 0.0000e+00
    572.000     6.7525   3.488132     0.7057     0.0484    0.58194     25.304         18    34.5226    27.0839    1486.50 0.0000e+00
    573.000     6.7409   3.487093     0.7080     0.0487    0.58961     25.637         17    34.5224    27.0852    1486.48 0.0000e+00
    574.000     6.7380   3.486855     0.7104     0.0503    0.59720     25.968         26    34.5222    27.0855    1486.48 0.0000e+00
    575.000     6.7311   3.486252     0.7136     0.0523    0.60755     26.418         24    34.5219    27.0862    1486.47 0.0000e+00
    576.000     6.7247   3.485696     0.7148     0.0524    0.61160     26.594         18    34.5218    27.0870    1486.46 0.0000e+00
    577.000     6.7203   3.485322     0.7159     0.0513    0.61506     26.744         16    34.5215    27.0874    1486.46 0.0000e+00
    578.000     6.7103   3.484401     0.7170     0.0528    0.61893     26.912         16    34.5209    27.0883    1486.44 0.0000e+00
    579.000     6.7030   3.483758     0.7183     0.0524    0.62324     27.100         16    34.5207    27.0890    1486.42 0.0000e+00
    580.000     6.7012   3.483633     0.7190     0.0499    0.62527     27.188         17    34.5207    27.0893    1486.43 0.0000e+00
    581.000     6.7012   3.483702     0.7194     0.0499    0.62672     27.251         17    34.5209    27.0895    1486.45 0.0000e+00
    582.000     6.7013   3.483751     0.7201     0.0514    0.62916     27.357         19    34.5208    27.0894    1486.47 0.0000e+00
    583.000     6.7013   3.483806     0.7206     0.0514    0.63069     27.424         18    34.5210    27.0895    1486.48 0.0000e+00
    584.000     6.7016   3.483877     0.7209     0.0488    0.63178     27.471         21    34.5210    27.0895    1486.50 0.0000e+00
    585.000     6.7016   3.483954     0.7215     0.0485    0.63384     27.561         16    34.5214    27.0899    1486.52 0.0000e+00
    586.000     6.7015   3.483985     0.7215     0.0492    0.63395     27.565         16    34.5213    27.0898    1486.53 0.0000e+00
    587.000     6.7011   3.483992     0.7215     0.0489    0.63405     27.570         17    34.5213    27.0899    1486.55 0.0000e+00
    588.000     6.7007   3.483990     0.7215     0.0494    0.63414     27.574         17    34.5212    27.0899    1486.56 0.0000e+00
    589.000     6.7002   3.483989     0.7218     0.0489    0.63511     27.616         18    34.5213    27.0900    1486.58 0.0000e+00
    590.000     6.6991   3.483938     0.7213     0.0505    0.63373     27.556         18    34.5212    27.0901    1486.59 0.0000e+00
    591.000     6.6983   3.483906     0.7215     0.0503    0.63443     27.586         18    34.5212    27.0903    1486.60 0.0000e+00
    592.000     6.6974   3.483869     0.7214     0.0496    0.63412     27.573         18    34.5212    27.0904    1486.62 0.0000e+00
    593.000     6.6947   3.483647     0.7216     0.0497    0.63488     27.606         18    34.5210    27.0906    1486.62 0.0000e+00
    594.000     6.6873   3.483004     0.7216     0.0501    0.63519     27.620         35    34.5209    27.0915    1486.61 0.0000e+00
    595.000     6.6657   3.480988     0.7215     0.0487    0.63526     27.622         17    34.5198    27.0935    1486.54 0.0000e+00
    596.000     6.6450   3.479090     0.7219     0.0478    0.63693     27.695         15    34.5191    27.0958    1486.48 0.0000e+00
    597.000     6.6305   3.477773     0.7229     0.0471    0.64031     27.842         16    34.5186    27.0973    1486.43 0.0000e+00
    598.000     6.6128   3.476097     0.7237     0.0485    0.64322     27.968         15    34.5174    27.0988    1486.38 0.0000e+00
    599.000     6.6070   3.475605     0.7250     0.0501    0.64734     28.147         15    34.5173    27.0994    1486.37 0.0000e+00
    600.000     6.6064   3.475565     0.7265     0.0485    0.65242     28.368         16    34.5170    27.0993    1486.39 0.0000e+00
    601.000     6.6061   3.475565     0.7282     0.0467    0.65795     28.609         17    34.5168    27.0992    1486.40 0.0000e+00
    602.000     6.6059   3.475589     0.7291     0.0470    0.66092     28.738         18    34.5168    27.0992    1486.42 0.0000e+00
    603.000     6.6061   3.475671     0.7302     0.0461    0.66444     28.891         18    34.5170    27.0993    1486.44 0.0000e+00
