+us191/demos/datagui/voca040.cnv
* Sea-Bird SBE 9 Data File:
* FileName = C:\Documents and Settings\lio\Mis documentos\Datos\Vocals\voca040.hex
* Software Version Seasave V 7.16
* Temperature SN = 2441
* Conductivity SN = 2072
* Number of Bytes Per Scan = 31
* Number of Voltage Words = 4
* Number of Scans Averaged by the Deck Unit = 1
* NMEA Latitude = 15 26.60 S
* NMEA Longitude = 076 49.21 W
* NMEA UTC (Time) = Feb 23 2089  08:04:46
** Ship: BIC Olaya 
** Station: 040
** Seccion: 
** Operador 
# nquan = 12
# nvalues = 1066                        
# units = specified
# name 0 = prDM: Pressure, Digiquartz [db]
# name 1 = t090C: Temperature [ITS-90, deg C]
# name 2 = c0S/m: Conductivity [S/m]
# name 3 = sbeox0V: Oxygen Voltage, SBE 43
# name 4 = flCUVA: Fluorescence, Chelsea UV Aquatracka [ug/l]
# name 5 = sbeox0ML/L: Oxygen, SBE 43 [ml/l]
# name 6 = sbeox0Mm/Kg: Oxygen, SBE 43 [umol/Kg]
# name 7 = nbin: Scans Per Bin
# name 8 = sal00: Salinity [PSU]
# name 9 = sigma-é00: Density [sigma-theta, Kg/m^3]
# name 10 = svCM: Sound Velocity [Chen-Millero, m/s]
# name 11 = flag:
# span 0 =      3.000,   1068.000       
# span 1 =     4.1157,    16.7928       
# span 2 =   3.273956,   4.471136       
# span 3 =     0.5399,     2.7515       
# span 4 =     0.0417,     0.3258       
# span 5 =    0.05187,    5.28093       
# span 6 =      2.256,    229.968       
# span 7 =         10,         52       
# span 8 =    34.4989,    35.0118       
# span 9 =    25.5608,    27.4139       
# span 10 =    1482.96,    1513.16      
# span 11 = 0.0000e+00, 0.0000e+00      
# interval = decibars: 1                
# start_time = Oct 09 2008 08:04:43
# bad_flag = -9.990e-29
*END*
[from data line 241]
    244.000    11.0638   3.897105     0.5421     0.0611    0.05690      2.475         16    34.7610    26.5833    1497.33 0.0000e+00
    245.000    11.0387   3.894489     0.5422     0.0610    0.05713      2.485         17    34.7582    26.5857    1497.26 0.0000e+00
    246.000    11.0131   3.891753     0.5424     0.0616    0.05760      2.506         16    34.7547    26.5876    1497.18 0.0000e+00
    247.000    10.9917   3.889531     0.5419     0.0621    0.05641      2.454         17    34.7524    26.5897    1497.12 0.0000e+00
    248.000    10.9735   3.887659     0.5421     0.0614    0.05685      2.473         18    34.7505    26.5915    1497.07 0.0000e+00
    249.000    10.9511   3.885378     0.5419     0.0614    0.05634      2.451         18    34.7484    26.5939    1497.00 0.0000e+00
    250.000    10.9446   3.884741     0.5417     0.0614    0.05600      2.436         24    34.7477    26.5946    1497.00 0.0000e+00
    251.000    10.9426   3.884617     0.5415     0.0623    0.05551      2.415         31    34.7480    26.5952    1497.01 0.0000e+00
    252.000    10.9444   3.884929     0.5417     0.0630    0.05592      2.433         17    34.7489    26.5956    1497.03 0.0000e+00
    253.000    10.9159   3.881826     0.5417     0.0616    0.05589      2.431         16    34.7445    26.5973    1496.94 0.0000e+00
    254.000    10.8675   3.876848     0.5418     0.0592    0.05631      2.450         15    34.7401    26.6026    1496.78 0.0000e+00
    255.000    10.8388   3.873874     0.5417     0.0588    0.05621      2.445         16    34.7371    26.6054    1496.69 0.0000e+00
    256.000    10.8201   3.872041     0.5417     0.0602    0.05624      2.446         16    34.7361    26.6080    1496.64 0.0000e+00
    257.000    10.8141   3.871881     0.5417     0.0628    0.05612      2.441         17    34.7397    26.6119    1496.64 0.0000e+00
    258.000    10.7884   3.869400     0.5418     0.0611    0.05658      2.461         18    34.7387    26.6157    1496.57 0.0000e+00
    259.000    10.7655   3.867249     0.5416     0.0608    0.05589      2.431         18    34.7385    26.6196    1496.50 0.0000e+00
    260.000    10.7658   3.867388     0.5413     0.0623    0.05504      2.394         20    34.7391    26.6201    1496.52 0.0000e+00
    261.000    10.7646   3.867337     0.5415     0.0634    0.05579      2.427         21    34.7393    26.6205    1496.53 0.0000e+00
    262.000    10.7163   3.861993     0.5414     0.0633    0.05558      2.418         18    34.7311    26.6226    1496.37 0.0000e+00
    263.000    10.7073   3.861479     0.5416     0.0609    0.05599      2.436         16    34.7341    26.6266    1496.36 0.0000e+00
    264.000    10.7052   3.861366     0.5413     0.0583    0.05524      2.403         15    34.7344    26.6273    1496.37 0.0000e+00
    265.000    10.6978   3.860607     0.5415     0.0582    0.05581      2.428         16    34.7334    26.6278    1496.36 0.0000e+00
    266.000    10.6847   3.859200     0.5412     0.0588    0.05501      2.393         16    34.7312    26.6285    1496.33 0.0000e+00
    267.000    10.6634   3.856980     0.5410     0.0595    0.05439      2.366         16    34.7288    26.6304    1496.26 0.0000e+00
    268.000    10.6542   3.856070     0.5413     0.0587    0.05527      2.404         19    34.7279    26.6313    1496.25 0.0000e+00
    269.000    10.6439   3.855027     0.5415     0.0581    0.05596      2.434         39    34.7268    26.6323    1496.22 0.0000e+00
    270.000    10.6311   3.853744     0.5414     0.0587    0.05555      2.417         23    34.7256    26.6337    1496.19 0.0000e+00
    271.000    10.6228   3.852947     0.5419     0.0595    0.05712      2.485         19    34.7250    26.6347    1496.18 0.0000e+00
    272.000    10.6131   3.851967     0.5417     0.0581    0.05647      2.456         17    34.7239    26.6356    1496.16 0.0000e+00
    273.000    10.6207   3.853328     0.5415     0.0580    0.05596      2.434         16    34.7299    26.6389    1496.21 0.0000e+00
    274.000    10.6289   3.854562     0.5417     0.0568    0.05640      2.453         16    34.7341    26.6408    1496.26 0.0000e+00
    275.000    10.6243   3.854169     0.5415     0.0575    0.05588      2.431         17    34.7341    26.6416    1496.26 0.0000e+00
    276.000    10.6080   3.852479     0.5411     0.0584    0.05472      2.380         17    34.7321    26.6429    1496.22 0.0000e+00
    277.000    10.5992   3.851613     0.5409     0.0599    0.05432      2.363         18    34.7313    26.6439    1496.20 0.0000e+00
    278.000    10.5968   3.851387     0.5407     0.0581    0.05380      2.340         19    34.7309    26.6440    1496.21 0.0000e+00
    279.000    10.5969   3.851437     0.5404     0.0586    0.05302      2.306         18    34.7308    26.6440    1496.23 0.0000e+00
    280.000    10.5945   3.851196     0.5404     0.0593    0.05303      2.307         18    34.7303    26.6440    1496.24 0.0000e+00
    281.000    10.5775   3.849552     0.5404     0.0595    0.05290      2.301         23    34.7294    26.6463    1496.19 0.0000e+00
    282.000    10.5706   3.849462     0.5403     0.0611    0.05261      2.289         33    34.7347    26.6517    1496.19 0.0000e+00
    283.000    10.5548   3.847914     0.5402     0.0596    0.05233      2.276         18    34.7337    26.6537    1496.15 0.0000e+00
    284.000    10.5208   3.844520     0.5404     0.0597    0.05306      2.308         17    34.7313    26.6578    1496.04 0.0000e+00
    285.000    10.5047   3.842902     0.5406     0.0593    0.05358      2.331         15    34.7299    26.6596    1496.00 0.0000e+00
    286.000    10.4891   3.841363     0.5400     0.0604    0.05211      2.267         17    34.7288    26.6614    1495.96 0.0000e+00
    287.000    10.4862   3.841121     0.5403     0.0613    0.05282      2.298         16    34.7287    26.6619    1495.97 0.0000e+00
    288.000    10.4852   3.841095     0.5404     0.0608    0.05302      2.306         18    34.7289    26.6623    1495.98 0.0000e+00
    289.000    10.4840   3.841024     0.5401     0.0612    0.05226      2.273         18    34.7289    26.6625    1495.99 0.0000e+00
    290.000    10.4697   3.839588     0.5399     0.0604    0.05187      2.256         19    34.7275    26.6639    1495.96 0.0000e+00
    291.000    10.4339   3.835927     0.5404     0.0583    0.05310      2.310         18    34.7243    26.6677    1495.84 0.0000e+00
    292.000    10.3793   3.830594     0.5401     0.0589    0.05235      2.277         19    34.7219    26.6754    1495.66 0.0000e+00
    293.000    10.3759   3.830313     0.5400     0.0596    0.05223      2.272         18    34.7219    26.6760    1495.66 0.0000e+00
    294.000    10.3751   3.830258     0.5402     0.0583    0.05281      2.297         18    34.7216    26.6759    1495.68 0.0000e+00
    295.000    10.3681   3.829570     0.5400     0.0595    0.05206      2.264         18    34.7210    26.6766    1495.67 0.0000e+00
    296.000    10.3604   3.828825     0.5401     0.0606    0.05257      2.287         19    34.7203    26.6775    1495.66 0.0000e+00
    297.000    10.3456   3.827328     0.5400     0.0605    0.05230      2.275         18    34.7188    26.6789    1495.62 0.0000e+00
    298.000    10.3167   3.824435     0.5401     0.0611    0.05252      2.285         18    34.7166    26.6822    1495.53 0.0000e+00
    299.000    10.2910   3.821859     0.5402     0.0583    0.05286      2.300         19    34.7147    26.6852    1495.45 0.0000e+00
    300.000    10.2731   3.820116     0.5402     0.0571    0.05282      2.297         20    34.7136    26.6874    1495.40 0.0000e+00
    301.000    10.2470   3.817556     0.5404     0.0605    0.05344      2.324         21    34.7121    26.6908    1495.32 0.0000e+00
    302.000    10.2142   3.814323     0.5402     0.0590    0.05308      2.309         20    34.7102    26.6950    1495.22 0.0000e+00
    303.000    10.1968   3.812742     0.5403     0.0561    0.05342      2.324         24    34.7103    26.6981    1495.18 0.0000e+00
    304.000    10.1877   3.812095     0.5402     0.0569    0.05308      2.309         18    34.7120    26.7010    1495.16 0.0000e+00
    305.000    10.1641   3.810094     0.5404     0.0583    0.05354      2.329         16    34.7138    26.7065    1495.10 0.0000e+00
    306.000    10.1493   3.808583     0.5403     0.0612    0.05334      2.320         16    34.7121    26.7077    1495.06 0.0000e+00
    307.000    10.1208   3.805574     0.5406     0.0605    0.05419      2.357         15    34.7083    26.7097    1494.97 0.0000e+00
    308.000    10.1115   3.804749     0.5409     0.0601    0.05512      2.398         17    34.7084    26.7113    1494.95 0.0000e+00
    309.000    10.1115   3.804781     0.5409     0.0573    0.05513      2.398         17    34.7082    26.7112    1494.97 0.0000e+00
    310.000    10.1116   3.804841     0.5411     0.0559    0.05575      2.425         17    34.7083    26.7113    1494.98 0.0000e+00
    311.000    10.1120   3.804946     0.5410     0.0554    0.05551      2.415         19    34.7085    26.7114    1495.00 0.0000e+00
    312.000    10.1101   3.804783     0.5409     0.0556    0.05517      2.400         19    34.7083    26.7116    1495.01 0.0000e+00
    313.000    10.1064   3.804469     0.5414     0.0564    0.05647      2.456         30    34.7082    26.7121    1495.01 0.0000e+00
    314.000    10.0971   3.803543     0.5411     0.0578    0.05574      2.425         18    34.7071    26.7129    1495.00 0.0000e+00
    315.000    10.0868   3.802484     0.5413     0.0579    0.05629      2.449         16    34.7058    26.7136    1494.97 0.0000e+00
    316.000    10.0693   3.800645     0.5421     0.0589    0.05849      2.544         15    34.7034    26.7148    1494.92 0.0000e+00
    317.000    10.0428   3.797874     0.5422     0.0587    0.05896      2.565         16    34.7001    26.7168    1494.84 0.0000e+00
    318.000    10.0055   3.794063     0.5433     0.0593    0.06199      2.697         16    34.6965    26.7203    1494.72 0.0000e+00
    319.000     9.9732   3.790866     0.5437     0.0601    0.06340      2.758         16    34.6944    26.7242    1494.62 0.0000e+00
    320.000     9.9243   3.785862     0.5450     0.0620    0.06723      2.924         18    34.6898    26.7289    1494.45 0.0000e+00
    321.000     9.9049   3.783972     0.5459     0.0598    0.06956      3.026         18    34.6886    26.7313    1494.40 0.0000e+00
    322.000     9.8698   3.780367     0.5466     0.0568    0.07176      3.121         21    34.6849    26.7343    1494.28 0.0000e+00
    323.000     9.8455   3.778078     0.5471     0.0570    0.07318      3.183         17    34.6844    26.7380    1494.21 0.0000e+00
    324.000     9.8384   3.777503     0.5478     0.0555    0.07517      3.270         16    34.6849    26.7396    1494.20 0.0000e+00
    325.000     9.8307   3.776889     0.5482     0.0555    0.07646      3.326         16    34.6855    26.7414    1494.19 0.0000e+00
    326.000     9.8227   3.776192     0.5481     0.0548    0.07608      3.309         16    34.6856    26.7429    1494.18 0.0000e+00
    327.000     9.7870   3.772544     0.5485     0.0540    0.07748      3.370         29    34.6821    26.7461    1494.06 0.0000e+00
    328.000     9.7463   3.768345     0.5491     0.0541    0.07925      3.447         21    34.6776    26.7495    1493.93 0.0000e+00
    329.000     9.7071   3.764369     0.5500     0.0553    0.08189      3.562         17    34.6741    26.7533    1493.80 0.0000e+00
    330.000     9.6842   3.762058     0.5506     0.0563    0.08352      3.633         16    34.6719    26.7554    1493.73 0.0000e+00
    331.000     9.6626   3.759714     0.5520     0.0556    0.08776      3.817         15    34.6681    26.7561    1493.66 0.0000e+00
    332.000     9.6158   3.754989     0.5524     0.0543    0.08895      3.869         16    34.6641    26.7607    1493.50 0.0000e+00
    333.000     9.6039   3.753947     0.5537     0.0541    0.09277      4.035         17    34.6644    26.7629    1493.48 0.0000e+00
    334.000     9.6024   3.753900     0.5540     0.0536    0.09344      4.064         17    34.6649    26.7636    1493.49 0.0000e+00
    335.000     9.6020   3.753965     0.5546     0.0526    0.09521      4.141         19    34.6655    26.7641    1493.50 0.0000e+00
    336.000     9.6016   3.754003     0.5551     0.0522    0.09679      4.210         18    34.6658    26.7645    1493.52 0.0000e+00
    337.000     9.5660   3.750385     0.5549     0.0538    0.09635      4.191         18    34.6624    26.7677    1493.40 0.0000e+00
    338.000     9.5350   3.747405     0.5552     0.0548    0.09724      4.229         19    34.6612    26.7719    1493.31 0.0000e+00
    339.000     9.5256   3.746544     0.5558     0.0565    0.09902      4.307         34    34.6608    26.7732    1493.29 0.0000e+00
    340.000     9.5171   3.745796     0.5565     0.0557    0.10086      4.387         19    34.6608    26.7746    1493.27 0.0000e+00
    341.000     9.5096   3.745141     0.5563     0.0567    0.10045      4.369         16    34.6609    26.7759    1493.26 0.0000e+00
    342.000     9.4994   3.744287     0.5564     0.0580    0.10072      4.381         16    34.6614    26.7781    1493.24 0.0000e+00
    343.000     9.4801   3.742473     0.5561     0.0575    0.10001      4.350         17    34.6609    26.7808    1493.19 0.0000e+00
    344.000     9.4462   3.739291     0.5562     0.0567    0.10041      4.367         16    34.6603    26.7860    1493.08 0.0000e+00
    345.000     9.4443   3.739372     0.5557     0.0568    0.09887      4.300         17    34.6624    26.7880    1493.09 0.0000e+00
    346.000     9.4425   3.739384     0.5549     0.0557    0.09653      4.198         18    34.6639    26.7894    1493.10 0.0000e+00
    347.000     9.4272   3.737904     0.5539     0.0565    0.09386      4.083         29    34.6629    26.7911    1493.06 0.0000e+00
    348.000     9.3962   3.734901     0.5524     0.0559    0.08951      3.893         24    34.6614    26.7951    1492.96 0.0000e+00
    349.000     9.3924   3.734593     0.5516     0.0563    0.08716      3.791         16    34.6613    26.7957    1492.97 0.0000e+00
    350.000     9.3922   3.734720     0.5508     0.0552    0.08496      3.695         16    34.6624    26.7966    1492.98 0.0000e+00
    351.000     9.3929   3.734849     0.5499     0.0542    0.08217      3.574         15    34.6626    26.7966    1493.00 0.0000e+00
    352.000     9.3920   3.734789     0.5494     0.0535    0.08101      3.524         16    34.6624    26.7966    1493.02 0.0000e+00
    353.000     9.3925   3.734884     0.5488     0.0532    0.07905      3.438         16    34.6625    26.7966    1493.04 0.0000e+00
    354.000     9.3935   3.735034     0.5477     0.0539    0.07605      3.308         17    34.6626    26.7966    1493.06 0.0000e+00
    355.000     9.3940   3.735143     0.5478     0.0536    0.07615      3.312         18    34.6628    26.7966    1493.07 0.0000e+00
    356.000     9.3896   3.734822     0.5467     0.0544    0.07301      3.176         18    34.6632    26.7977    1493.07 0.0000e+00
    357.000     9.3871   3.734601     0.5460     0.0562    0.07107      3.091         19    34.6629    26.7979    1493.08 0.0000e+00
    358.000     9.3717   3.733076     0.5455     0.0563    0.06982      3.037         19    34.6616    26.7994    1493.04 0.0000e+00
    359.000     9.3474   3.730703     0.5450     0.0550    0.06833      2.972         23    34.6600    26.8022    1492.97 0.0000e+00
    360.000     9.3348   3.729527     0.5452     0.0548    0.06893      2.998         21    34.6596    26.8039    1492.94 0.0000e+00
    361.000     9.3251   3.728607     0.5452     0.0543    0.06886      2.995         16    34.6589    26.8050    1492.92 0.0000e+00
    362.000     9.3212   3.728275     0.5451     0.0545    0.06866      2.986         16    34.6588    26.8055    1492.92 0.0000e+00
