+us191/demos/datagui/voca040.cnv
* Sea-Bird SBE 9 Data File:
* FileName = C:\Documents and Settings\lio\Mis documentos\Datos\Vocals\voca040.hex
* Software Version Seasave V 7.16
* Temperature SN = 2441
* Conductivity SN = 2072
* Number of Bytes Per Scan = 31
* Number of Voltage Words = 4
* Number of Scans Averaged by the Deck Unit = 1
* NMEA Latitude = 15 26.60 S
* NMEA Longitude = 076 49.21 W
* NMEA UTC (Time) = Feb 23 2089  08:04:46
** Ship: BIC Olaya 
** Station: 040
** Seccion: 
** Operador 
# nquan = 12
# nvalues = 1066                        
# units = specified
# name 0 = prDM: Pressure, Digiquartz [db]
# name 1 = t090C: Temperature [ITS-90, deg C]
# name 2 = c0S/m: Conductivity [S/m]
# name 3 = sbeox0V: Oxygen Voltage, SBE 43
# name 4 = flCUVA: Fluorescence, Chelsea UV Aquatracka [ug/l]
# name 5 = sbeox0ML/L: Oxygen, SBE 43 [ml/l]
# name 6 = sbeox0Mm/Kg: Oxygen, SBE 43 [umol/Kg]
# name 7 = nbin: Scans Per Bin
# name 8 = sal00: Salinity [PSU]
# name 9 = sigma-é00: Density [sigma-theta, Kg/m^3]
# name 10 = svCM: Sound Velocity [Chen-Millero, m/s]
# name 11 = flag:
# span 0 =      3.000,   1068.000       
# span 1 =     4.1157,    16.7928       
# span 2 =   3.273956,   4.471136       
# span 3 =     0.5399,     2.7515       
# span 4 =     0.0417,     0.3258       
# span 5 =    0.05187,    5.28093       
# span 6 =      2.256,    229.968       
# span 7 =         10,         52       
# span 8 =    34.4989,    35.0118       
# span 9 =    25.5608,    27.4139       
# span 10 =    1482.96,    1513.16      
# span 11 = 0.0000e+00, 0.0000e+00      
# interval = decibars: 1                
# start_time = Oct 09 2008 08:04:43
# bad_flag = -9.990e-29
*END*
[from data line 121]
    124.000    13.0814   4.087509     0.6674     0.0641    0.37837     16.466         16    34.7870    26.2149    1502.26 0.0000e+00
    125.000    13.0572   4.084795     0.6681     0.0641    0.38037     16.553         17    34.7830    26.2167    1502.19 0.0000e+00
    126.000    13.0407   4.083117     0.6675     0.0624    0.37901     16.494         41    34.7816    26.2190    1502.15 0.0000e+00
    127.000    13.0091   4.080231     0.6614     0.0628    0.36343     15.816         33    34.7828    26.2263    1502.06 0.0000e+00
    128.000    12.9922   4.078898     0.6538     0.0642    0.34385     14.964         19    34.7851    26.2315    1502.03 0.0000e+00
    129.000    12.9908   4.079142     0.6483     0.0627    0.32956     14.342         17    34.7883    26.2343    1502.04 0.0000e+00
    130.000    12.9864   4.079050     0.6430     0.0601    0.31589     13.747         16    34.7911    26.2373    1502.05 0.0000e+00
    131.000    12.9644   4.076995     0.6370     0.0595    0.30039     13.072         17    34.7913    26.2419    1501.99 0.0000e+00
    132.000    12.9251   4.072823     0.6324     0.0612    0.28870     12.564         17    34.7873    26.2467    1501.87 0.0000e+00
    133.000    12.8586   4.065654     0.6294     0.0629    0.28141     12.246         17    34.7795    26.2539    1501.66 0.0000e+00
    134.000    12.7920   4.058171     0.6291     0.0620    0.28105     12.231         18    34.7689    26.2589    1501.44 0.0000e+00
    135.000    12.7440   4.053095     0.6318     0.0613    0.28849     12.554         36    34.7640    26.2647    1501.29 0.0000e+00
    136.000    12.7392   4.053148     0.6302     0.0616    0.28424     12.369         22    34.7685    26.2692    1501.29 0.0000e+00
    137.000    12.7452   4.054159     0.6262     0.0602    0.27379     11.915         17    34.7723    26.2709    1501.34 0.0000e+00
    138.000    12.7465   4.054531     0.6227     0.0575    0.26473     11.520         17    34.7742    26.2721    1501.36 0.0000e+00
    139.000    12.7465   4.054647     0.6198     0.0609    0.25726     11.195         16    34.7748    26.2727    1501.38 0.0000e+00
    140.000    12.7388   4.053836     0.6176     0.0615    0.25155     10.947         17    34.7737    26.2734    1501.37 0.0000e+00
    141.000    12.7167   4.051397     0.6163     0.0609    0.24818     10.800         17    34.7703    26.2751    1501.30 0.0000e+00
    142.000    12.6914   4.048957     0.6149     0.0604    0.24472     10.649         18    34.7698    26.2797    1501.24 0.0000e+00
    143.000    12.6509   4.045129     0.6105     0.0621    0.23346     10.159         34    34.7700    26.2879    1501.12 0.0000e+00
    144.000    12.6239   4.042941     0.6053     0.0617    0.22013      9.579         20    34.7735    26.2960    1501.05 0.0000e+00
    145.000    12.6135   4.042802     0.6007     0.0637    0.20792      9.048         17    34.7813    26.3041    1501.04 0.0000e+00
    146.000    12.6118   4.043285     0.5952     0.0660    0.19357      8.423         16    34.7871    26.3089    1501.05 0.0000e+00
    147.000    12.6080   4.043100     0.5900     0.0672    0.17989      7.828         17    34.7884    26.3108    1501.06 0.0000e+00
    148.000    12.5910   4.041207     0.5860     0.0662    0.16951      7.376         16    34.7856    26.3119    1501.02 0.0000e+00
    149.000    12.5793   4.039959     0.5835     0.0649    0.16318      7.101         18    34.7839    26.3130    1500.99 0.0000e+00
    150.000    12.5690   4.039230     0.5811     0.0642    0.15676      6.821         17    34.7860    26.3166    1500.98 0.0000e+00
    151.000    12.5474   4.037466     0.5781     0.0651    0.14904      6.485         19    34.7885    26.3228    1500.92 0.0000e+00
    152.000    12.5431   4.037280     0.5751     0.0625    0.14124      6.146         19    34.7903    26.3250    1500.93 0.0000e+00
    153.000    12.5227   4.035146     0.5723     0.0614    0.13384      5.824         24    34.7882    26.3275    1500.87 0.0000e+00
    154.000    12.4986   4.032924     0.5701     0.0625    0.12829      5.583         21    34.7887    26.3326    1500.81 0.0000e+00
    155.000    12.4763   4.031214     0.5684     0.0626    0.12389      5.391         17    34.7924    26.3399    1500.75 0.0000e+00
    156.000    12.4458   4.028217     0.5672     0.0629    0.12077      5.255         16    34.7913    26.3450    1500.67 0.0000e+00
    157.000    12.4236   4.026043     0.5662     0.0634    0.11805      5.137         16    34.7905    26.3487    1500.61 0.0000e+00
    158.000    12.4091   4.024645     0.5653     0.0647    0.11589      5.043         16    34.7900    26.3512    1500.57 0.0000e+00
    159.000    12.4024   4.024049     0.5648     0.0653    0.11442      4.979         17    34.7901    26.3525    1500.57 0.0000e+00
    160.000    12.3865   4.022638     0.5642     0.0645    0.11314      4.923         17    34.7907    26.3561    1500.53 0.0000e+00
    161.000    12.3766   4.022390     0.5638     0.0648    0.11206      4.876         18    34.7970    26.3630    1500.52 0.0000e+00
    162.000    12.3545   4.020236     0.5634     0.0662    0.11099      4.830         19    34.7963    26.3667    1500.46 0.0000e+00
    163.000    12.3149   4.016106     0.5630     0.0654    0.10992      4.783         18    34.7927    26.3716    1500.34 0.0000e+00
    164.000    12.3064   4.015237     0.5633     0.0635    0.11079      4.821         19    34.7918    26.3726    1500.33 0.0000e+00
    165.000    12.3052   4.015148     0.5631     0.0627    0.11043      4.805         20    34.7916    26.3727    1500.34 0.0000e+00
    166.000    12.3052   4.015247     0.5633     0.0648    0.11083      4.823         19    34.7921    26.3732    1500.36 0.0000e+00
    167.000    12.3049   4.015285     0.5633     0.0658    0.11083      4.823         16    34.7922    26.3733    1500.37 0.0000e+00
    168.000    12.3033   4.015178     0.5634     0.0673    0.11113      4.836         15    34.7923    26.3737    1500.38 0.0000e+00
    169.000    12.2988   4.014794     0.5637     0.0682    0.11190      4.869         16    34.7923    26.3747    1500.38 0.0000e+00
    170.000    12.2649   4.011574     0.5634     0.0675    0.11129      4.842         17    34.7922    26.3811    1500.29 0.0000e+00
    171.000    12.2383   4.009007     0.5636     0.0673    0.11193      4.870         17    34.7916    26.3858    1500.21 0.0000e+00
    172.000    12.2313   4.008273     0.5630     0.0663    0.11045      4.806         18    34.7905    26.3863    1500.20 0.0000e+00
    173.000    12.2248   4.007783     0.5628     0.0666    0.10993      4.783         31    34.7914    26.3883    1500.20 0.0000e+00
    174.000    12.2027   4.005926     0.5616     0.0658    0.10666      4.641         20    34.7935    26.3942    1500.14 0.0000e+00
    175.000    12.1423   3.999897     0.5602     0.0662    0.10306      4.484         16    34.7908    26.4037    1499.95 0.0000e+00
    176.000    12.1082   3.996557     0.5594     0.0674    0.10107      4.398         15    34.7896    26.4094    1499.85 0.0000e+00
    177.000    12.0967   3.995390     0.5585     0.0679    0.09865      4.292         16    34.7885    26.4107    1499.82 0.0000e+00
    178.000    12.0725   3.992967     0.5580     0.0676    0.09752      4.243         16    34.7870    26.4143    1499.76 0.0000e+00
    179.000    12.0600   3.991727     0.5572     0.0673    0.09552      4.156         16    34.7862    26.4160    1499.73 0.0000e+00
    180.000    12.0718   3.993469     0.5555     0.0647    0.09085      3.953         26    34.7917    26.4181    1499.79 0.0000e+00
    181.000    12.0851   3.995374     0.5520     0.0629    0.08158      3.550         18    34.7974    26.4200    1499.86 0.0000e+00
    182.000    12.0780   3.994795     0.5505     0.0644    0.07764      3.378         17    34.7980    26.4218    1499.85 0.0000e+00
    183.000    12.0773   3.994874     0.5498     0.0652    0.07561      3.290         16    34.7990    26.4227    1499.87 0.0000e+00
    184.000    12.0648   3.993577     0.5494     0.0659    0.07479      3.254         16    34.7976    26.4241    1499.84 0.0000e+00
    185.000    11.9981   3.986455     0.5489     0.0673    0.07354      3.200         17    34.7900    26.4309    1499.62 0.0000e+00
    186.000    11.9784   3.984671     0.5492     0.0682    0.07424      3.230         18    34.7905    26.4351    1499.57 0.0000e+00
    187.000    11.9745   3.984385     0.5491     0.0680    0.07406      3.223         18    34.7909    26.4362    1499.58 0.0000e+00
    188.000    11.9729   3.984396     0.5485     0.0661    0.07242      3.151         19    34.7921    26.4374    1499.59 0.0000e+00
    189.000    11.9678   3.984063     0.5482     0.0662    0.07157      3.114         18    34.7931    26.4392    1499.59 0.0000e+00
    190.000    11.9616   3.983660     0.5474     0.0676    0.06943      3.021         17    34.7946    26.4416    1499.59 0.0000e+00
    191.000    11.9523   3.982840     0.5470     0.0668    0.06849      2.980         18    34.7948    26.4435    1499.57 0.0000e+00
    192.000    11.9458   3.982296     0.5467     0.0676    0.06760      2.941         18    34.7951    26.4450    1499.57 0.0000e+00
    193.000    11.9239   3.980074     0.5463     0.0683    0.06654      2.895         18    34.7935    26.4480    1499.50 0.0000e+00
    194.000    11.8959   3.977457     0.5455     0.0690    0.06465      2.813         19    34.7936    26.4534    1499.43 0.0000e+00
    195.000    11.8944   3.977480     0.5455     0.0688    0.06450      2.806         19    34.7948    26.4546    1499.44 0.0000e+00
    196.000    11.8918   3.977351     0.5452     0.0680    0.06383      2.777         23    34.7955    26.4557    1499.45 0.0000e+00
    197.000    11.8551   3.973517     0.5452     0.0673    0.06379      2.775         24    34.7919    26.4598    1499.33 0.0000e+00
    198.000    11.8032   3.968213     0.5450     0.0657    0.06338      2.757         17    34.7881    26.4667    1499.17 0.0000e+00
    199.000    11.7907   3.966979     0.5452     0.0661    0.06389      2.780         16    34.7873    26.4685    1499.14 0.0000e+00
    200.000    11.7846   3.966452     0.5445     0.0663    0.06207      2.701         15    34.7874    26.4697    1499.14 0.0000e+00
    201.000    11.7759   3.965693     0.5447     0.0657    0.06269      2.728         16    34.7877    26.4716    1499.12 0.0000e+00
    202.000    11.7644   3.964660     0.5447     0.0646    0.06273      2.729         16    34.7879    26.4740    1499.10 0.0000e+00
    203.000    11.7549   3.963808     0.5444     0.0641    0.06197      2.696         17    34.7880    26.4758    1499.08 0.0000e+00
    204.000    11.7487   3.963222     0.5446     0.0644    0.06235      2.713         18    34.7876    26.4768    1499.08 0.0000e+00
    205.000    11.7403   3.962424     0.5444     0.0663    0.06201      2.698         18    34.7872    26.4780    1499.07 0.0000e+00
    206.000    11.7244   3.960732     0.5440     0.0664    0.06092      2.650         18    34.7850    26.4794    1499.02 0.0000e+00
    207.000    11.7101   3.959176     0.5441     0.0658    0.06122      2.663         19    34.7828    26.4803    1498.99 0.0000e+00
    208.000    11.6999   3.958079     0.5441     0.0635    0.06111      2.659         22    34.7811    26.4809    1498.97 0.0000e+00
    209.000    11.6838   3.956370     0.5440     0.0633    0.06103      2.655         25    34.7790    26.4823    1498.93 0.0000e+00
    210.000    11.6628   3.954463     0.5444     0.0645    0.06201      2.698         19    34.7795    26.4867    1498.87 0.0000e+00
    211.000    11.6313   3.951411     0.5442     0.0656    0.06154      2.677         16    34.7786    26.4919    1498.78 0.0000e+00
    212.000    11.6079   3.949085     0.5439     0.0649    0.06075      2.643         16    34.7772    26.4952    1498.71 0.0000e+00
    213.000    11.5971   3.948116     0.5440     0.0643    0.06098      2.653         16    34.7773    26.4973    1498.69 0.0000e+00
    214.000    11.5834   3.946884     0.5438     0.0652    0.06052      2.633         17    34.7777    26.5002    1498.66 0.0000e+00
    215.000    11.5771   3.947040     0.5436     0.0657    0.06015      2.617         17    34.7847    26.5068    1498.67 0.0000e+00
    216.000    11.5728   3.946910     0.5436     0.0662    0.06011      2.615         18    34.7870    26.5095    1498.67 0.0000e+00
    217.000    11.5671   3.946467     0.5432     0.0662    0.05889      2.562         19    34.7875    26.5110    1498.67 0.0000e+00
    218.000    11.5579   3.945639     0.5433     0.0638    0.05939      2.584         20    34.7876    26.5128    1498.65 0.0000e+00
    219.000    11.5494   3.944922     0.5433     0.0637    0.05923      2.577         19    34.7881    26.5147    1498.64 0.0000e+00
    220.000    11.5292   3.942842     0.5433     0.0642    0.05947      2.587         17    34.7861    26.5170    1498.58 0.0000e+00
    221.000    11.4944   3.939267     0.5433     0.0659    0.05952      2.589         16    34.7831    26.5211    1498.48 0.0000e+00
    222.000    11.4791   3.937682     0.5433     0.0672    0.05955      2.591         15    34.7814    26.5226    1498.44 0.0000e+00
    223.000    11.4433   3.933915     0.5433     0.0656    0.05959      2.593         17    34.7775    26.5262    1498.33 0.0000e+00
    224.000    11.4029   3.929775     0.5433     0.0642    0.05966      2.595         16    34.7741    26.5311    1498.20 0.0000e+00
    225.000    11.3704   3.926453     0.5433     0.0649    0.05971      2.598         18    34.7714    26.5350    1498.10 0.0000e+00
    226.000    11.3512   3.924558     0.5433     0.0667    0.05960      2.593         23    34.7703    26.5377    1498.05 0.0000e+00
    227.000    11.3412   3.923679     0.5427     0.0675    0.05796      2.522         30    34.7706    26.5398    1498.03 0.0000e+00
    228.000    11.3436   3.924269     0.5426     0.0639    0.05780      2.515         17    34.7738    26.5418    1498.06 0.0000e+00
    229.000    11.3488   3.925206     0.5427     0.0612    0.05801      2.524         17    34.7777    26.5440    1498.10 0.0000e+00
    230.000    11.3290   3.923302     0.5426     0.0612    0.05772      2.511         16    34.7770    26.5471    1498.04 0.0000e+00
    231.000    11.3168   3.922135     0.5425     0.0615    0.05754      2.503         16    34.7765    26.5490    1498.02 0.0000e+00
    232.000    11.3138   3.922101     0.5426     0.0611    0.05775      2.512         16    34.7786    26.5511    1498.03 0.0000e+00
    233.000    11.2925   3.919762     0.5427     0.0629    0.05802      2.524         18    34.7750    26.5523    1497.96 0.0000e+00
    234.000    11.2710   3.917394     0.5427     0.0645    0.05805      2.526         18    34.7714    26.5534    1497.90 0.0000e+00
    235.000    11.2493   3.915001     0.5425     0.0642    0.05772      2.511         18    34.7677    26.5546    1497.84 0.0000e+00
    236.000    11.2388   3.914000     0.5426     0.0642    0.05785      2.517         19    34.7673    26.5562    1497.82 0.0000e+00
    237.000    11.2325   3.913362     0.5421     0.0654    0.05647      2.457         18    34.7664    26.5567    1497.81 0.0000e+00
    238.000    11.2124   3.911304     0.5425     0.0639    0.05773      2.511         19    34.7644    26.5588    1497.76 0.0000e+00
    239.000    11.1628   3.906257     0.5424     0.0633    0.05744      2.499         19    34.7607    26.5650    1497.59 0.0000e+00
    240.000    11.1090   3.901057     0.5424     0.0621    0.05748      2.501         20    34.7593    26.5737    1497.42 0.0000e+00
    241.000    11.1275   3.903692     0.5421     0.0628    0.05665      2.465         32    34.7677    26.5769    1497.51 0.0000e+00
    242.000    11.1204   3.903116     0.5421     0.0630    0.05682      2.472         23    34.7682    26.5786    1497.50 0.0000e+00
